[-0.01198758  0.00769815  0.01667    ... -0.00891094 -0.02560975
 -0.01297799]
[-0.01436772  0.01436772  0.01436772 ... -0.01436772 -0.02873545
 -0.01436772]
[4.30858924e-04 0.00000000e+00 0.00000000e+00 0.00000000e+00
 0.00000000e+00 0.00000000e+00 0.00000000e+00 0.00000000e+00
 0.00000000e+00 0.00000000e+00 0.00000000e+00 0.00000000e+00
 0.00000000e+00 0.00000000e+00 0.00000000e+00 0.00000000e+00
 4.30862187e-04 0.00000000e+00 0.00000000e+00 0.00000000e+00
 0.00000000e+00 0.00000000e+00 0.00000000e+00 4.30858924e-04
 0.00000000e+00 0.00000000e+00 4.30862187e-04 0.00000000e+00
 0.00000000e+00 0.00000000e+00 0.00000000e+00 0.00000000e+00
 4.30862187e-04 0.00000000e+00 0.00000000e+00 0.00000000e+00
 0.00000000e+00 0.00000000e+00 0.00000000e+00 0.00000000e+00
 0.00000000e+00 0.00000000e+00 0.00000000e+00 0.00000000e+00
 0.00000000e+00 0.00000000e+00 0.00000000e+00 0.00000000e+00
 8.61717848e-04 8.61724374e-04 0.00000000e+00 8.61724374e-04
 0.00000000e+00 0.00000000e+00 0.00000000e+00 0.00000000e+00
 0.00000000e+00 4.30862187e-04 4.30862187e-04 0.00000000e+00
 0.00000000e+00 8.61724374e-04 8.61724374e-04 0.00000000e+00
 4.30862187e-04 0.00000000e+00 0.00000000e+00 0.00000000e+00
 8.61724374e-04 4.30860556e-04 4.30860556e-04 0.00000000e+00
 0.00000000e+00 1.29258656e-03 4.30860556e-04 4.30862187e-04
 0.00000000e+00 8.61724374e-04 4.30860556e-04 4.30862187e-04
 4.30860556e-04 4.30862187e-04 4.30860556e-04 1.72344875e-03
 1.29258167e-03 2.58517312e-03 2.58517312e-03 2.15430278e-03
 2.15431094e-03 4.30860556e-03 1.72344875e-03 2.15430278e-03
 3.44689750e-03 5.60118722e-03 3.01603531e-03 5.60118722e-03
 4.73948406e-03 8.61721111e-03 9.04810593e-03 8.18635056e-03
 9.04810593e-03 8.18636606e-03 1.12023957e-02 1.68035935e-02
 2.15430686e-02 2.19739299e-02 3.14528801e-02 4.26552758e-02
 5.73045624e-02 6.46292057e-02 8.14327992e-02 9.43586403e-02
 1.35721332e-01 1.94749340e-01 2.86091951e-01 3.83466621e-01
 5.17464997e-01 7.47113618e-01 1.03018954e+00 1.50025930e+00
 2.06253338e+00 2.81998768e+00 3.74031111e+00 4.80238085e+00
 6.19018239e+00 7.77058851e+00 9.52332889e+00 1.13514737e+01
 1.32795783e+01 1.48586888e+01 1.60625119e+01 1.69406094e+01
 1.72267014e+01 1.71948156e+01 1.65601607e+01 1.52736048e+01
 1.38978677e+01 1.20761825e+01 1.03169755e+01 8.59654608e+00
 6.83130704e+00 5.43703965e+00 4.16298257e+00 3.17200442e+00
 2.36629065e+00 1.70793448e+00 1.28698292e+00 8.95329930e-01
 6.39829137e-01 4.34308262e-01 3.13667078e-01 2.21031884e-01
 1.67174212e-01 1.20210323e-01 9.95289768e-02 6.46292057e-02
 5.21342259e-02 4.13626917e-02 3.79158007e-02 3.18838019e-02
 1.63727321e-02 1.85270390e-02 1.63727321e-02 1.24949798e-02
 9.90979278e-03 1.03406925e-02 7.75549000e-03 6.03207062e-03
 7.32462945e-03 5.17034625e-03 6.03207062e-03 7.32462945e-03
 1.29258656e-03 3.01602389e-03 5.60120843e-03 2.15430278e-03
 2.58517312e-03 2.15430278e-03 1.72344875e-03 4.30860556e-04
 2.15431094e-03 2.15430278e-03 2.15431094e-03 1.29258167e-03
 1.29258656e-03 1.72344222e-03 0.00000000e+00 4.30860556e-04
 2.15431094e-03 4.30860556e-04 4.30862187e-04 4.30860556e-04
 8.61724374e-04 4.30862187e-04 8.61721111e-04 0.00000000e+00
 0.00000000e+00 4.30862187e-04 4.30862187e-04 0.00000000e+00
 0.00000000e+00 0.00000000e+00 4.30862187e-04 4.30858924e-04
 0.00000000e+00 4.30862187e-04 4.30862187e-04 0.00000000e+00
 0.00000000e+00 0.00000000e+00 0.00000000e+00 0.00000000e+00
 0.00000000e+00 4.30862187e-04 4.30862187e-04 0.00000000e+00
 0.00000000e+00 0.00000000e+00 4.30862187e-04 0.00000000e+00
 4.30858924e-04 0.00000000e+00 0.00000000e+00 0.00000000e+00
 0.00000000e+00 0.00000000e+00 0.00000000e+00 0.00000000e+00
 4.30858924e-04 0.00000000e+00 0.00000000e+00 0.00000000e+00
 0.00000000e+00 0.00000000e+00 0.00000000e+00 0.00000000e+00
 0.00000000e+00 0.00000000e+00 0.00000000e+00 0.00000000e+00
 0.00000000e+00 0.00000000e+00 0.00000000e+00 0.00000000e+00
 0.00000000e+00 0.00000000e+00 0.00000000e+00 0.00000000e+00
 0.00000000e+00 0.00000000e+00 0.00000000e+00 0.00000000e+00
 0.00000000e+00 0.00000000e+00 0.00000000e+00 4.30862187e-04]
[-0.11494179 -0.10057407 -0.08620635 -0.07183862 -0.0574709  -0.04310317
 -0.02873545 -0.01436772  0.          0.01436772  0.02873545  0.04310317
  0.0574709   0.07183862  0.08620635  0.10057407]
