[-0.00097056 -0.00725013 -0.04541156 ...  0.02213217  0.04642193
  0.00696328]
[-0.         -0.         -0.05237775 ...  0.01745925  0.05237775
  0.        ]
[8.63706448e-04 0.00000000e+00 0.00000000e+00 0.00000000e+00
 0.00000000e+00 0.00000000e+00 0.00000000e+00 0.00000000e+00
 0.00000000e+00 0.00000000e+00 0.00000000e+00 0.00000000e+00
 0.00000000e+00 0.00000000e+00 0.00000000e+00 0.00000000e+00
 0.00000000e+00 8.63706448e-04 0.00000000e+00 0.00000000e+00
 0.00000000e+00 0.00000000e+00 0.00000000e+00 0.00000000e+00
 0.00000000e+00 0.00000000e+00 0.00000000e+00 0.00000000e+00
 0.00000000e+00 0.00000000e+00 0.00000000e+00 0.00000000e+00
 0.00000000e+00 0.00000000e+00 8.63706448e-04 0.00000000e+00
 8.63699891e-04 0.00000000e+00 0.00000000e+00 0.00000000e+00
 0.00000000e+00 0.00000000e+00 0.00000000e+00 0.00000000e+00
 0.00000000e+00 0.00000000e+00 0.00000000e+00 0.00000000e+00
 0.00000000e+00 0.00000000e+00 0.00000000e+00 0.00000000e+00
 0.00000000e+00 0.00000000e+00 0.00000000e+00 0.00000000e+00
 0.00000000e+00 0.00000000e+00 0.00000000e+00 0.00000000e+00
 8.63699891e-04 8.63706448e-04 3.45479957e-03 0.00000000e+00
 8.63706448e-04 8.63699891e-04 2.59109967e-03 0.00000000e+00
 8.63699891e-04 8.63699891e-04 0.00000000e+00 0.00000000e+00
 8.63699891e-04 8.63706448e-04 8.63699891e-04 8.63699891e-04
 8.63706448e-04 8.63699891e-04 0.00000000e+00 8.63706448e-04
 0.00000000e+00 0.00000000e+00 1.72741290e-03 3.45479957e-03
 0.00000000e+00 1.72741290e-03 2.59109967e-03 1.72739978e-03
 1.72741290e-03 0.00000000e+00 1.72739978e-03 3.45482579e-03
 9.50069880e-03 6.90959913e-03 6.04594513e-03 6.04589924e-03
 7.77329902e-03 1.46829539e-02 1.98651729e-02 1.72739978e-02
 2.24562824e-02 1.90014697e-02 3.02294962e-02 3.45481268e-02
 4.23214553e-02 6.21863922e-02 5.18221902e-02 7.08236599e-02
 7.94603900e-02 1.11417709e-01 1.10554006e-01 1.25236484e-01
 1.58057680e-01 1.88287291e-01 1.91741376e-01 2.47882810e-01
 3.05750922e-01 3.26478559e-01 3.99894567e-01 4.90583400e-01
 5.40676132e-01 6.57278112e-01 7.36738804e-01 8.23105996e-01
 9.56119409e-01 1.12022301e+00 1.24200280e+00 1.42251642e+00
 1.66780766e+00 1.87337217e+00 2.15061681e+00 2.40368136e+00
 2.72843831e+00 3.01777315e+00 3.23715334e+00 3.72687918e+00
 4.04816907e+00 4.59143734e+00 5.07166501e+00 5.52596239e+00
 6.00704414e+00 6.60387443e+00 7.17908712e+00 7.73962941e+00
 8.32868176e+00 8.90822604e+00 9.58017738e+00 1.02046433e+01
 1.08532837e+01 1.13999965e+01 1.19458672e+01 1.23492162e+01
 1.27473769e+01 1.34107000e+01 1.36551309e+01 1.39194238e+01
 1.41949414e+01 1.42925431e+01 1.44877381e+01 1.45741083e+01
 1.43279549e+01 1.43193145e+01 1.37518656e+01 1.37371794e+01
 1.29373975e+01 1.26566882e+01 1.21928861e+01 1.16349233e+01
 1.10381160e+01 1.05302591e+01 9.76932801e+00 9.16906415e+00
 8.56274510e+00 7.97196513e+00 7.56861651e+00 6.84916613e+00
 6.24197096e+00 5.70474861e+00 5.15803533e+00 4.73049328e+00
 4.28223219e+00 3.92898572e+00 3.47294385e+00 3.16460241e+00
 2.76298644e+00 2.44341163e+00 2.22230404e+00 1.96060619e+00
 1.78008885e+00 1.56329977e+00 1.26791625e+00 1.15304373e+00
 1.02693917e+00 9.12934250e-01 7.82512101e-01 6.28775907e-01
 5.84727046e-01 4.96627437e-01 4.65536008e-01 3.96439755e-01
 3.30797058e-01 2.67747983e-01 2.29745043e-01 1.96923575e-01
 1.68422118e-01 1.43374726e-01 1.30418684e-01 9.58710518e-02
 8.98251296e-02 8.20514897e-02 6.56414409e-02 5.09584870e-02
 4.57760942e-02 4.05940490e-02 3.02296109e-02 3.02294962e-02
 2.33199856e-02 1.98651729e-02 1.03643987e-02 1.90014697e-02
 1.29555475e-02 1.03643987e-02 1.20918444e-02 6.04589924e-03
 6.90965158e-03 4.31849946e-03 3.45479957e-03 1.72741290e-03
 3.45479957e-03 3.45479957e-03 2.59111934e-03 0.00000000e+00
 4.31849946e-03 2.59111934e-03 2.59109967e-03 2.59109967e-03
 8.63706448e-04 1.72739978e-03 8.63699891e-04 1.72741290e-03
 0.00000000e+00 8.63699891e-04 0.00000000e+00 1.72739978e-03
 8.63699891e-04 8.63706448e-04 0.00000000e+00 1.72739978e-03
 0.00000000e+00 0.00000000e+00 0.00000000e+00 8.63706448e-04
 0.00000000e+00 0.00000000e+00 0.00000000e+00 8.63699891e-04]
[-0.139674   -0.12221474 -0.10475549 -0.08729625 -0.069837   -0.05237775
 -0.0349185  -0.01745925  0.          0.01745925  0.0349185   0.05237775
  0.069837    0.08729625  0.10475549  0.12221474]
