[ 0.03067661 -0.01718464 -0.01005711 ... -0.00686037  0.00682039
 -0.00122397]
[ 0.03124582 -0.01562291 -0.01562291 ... -0.          0.
 -0.        ]
[1.12543179e-03 1.12542066e-03 0.00000000e+00 0.00000000e+00
 0.00000000e+00 0.00000000e+00 0.00000000e+00 0.00000000e+00
 0.00000000e+00 0.00000000e+00 0.00000000e+00 0.00000000e+00
 0.00000000e+00 1.12542066e-03 0.00000000e+00 1.12543179e-03
 0.00000000e+00 0.00000000e+00 0.00000000e+00 1.12543179e-03
 0.00000000e+00 0.00000000e+00 0.00000000e+00 1.12543179e-03
 0.00000000e+00 0.00000000e+00 1.12543179e-03 1.12542066e-03
 0.00000000e+00 1.12543179e-03 1.12542066e-03 2.25086358e-03
 0.00000000e+00 0.00000000e+00 4.50172716e-03 3.37629537e-03
 4.50168264e-03 1.12543179e-03 5.62715896e-03 2.25084132e-03
 5.62715896e-03 0.00000000e+00 1.12542066e-03 2.25086358e-03
 1.01288861e-02 4.50168264e-03 2.25086358e-03 7.87798357e-03
 7.87798357e-03 5.62715896e-03 1.23796885e-02 1.01288360e-02
 1.35051815e-02 1.46305409e-02 1.80068196e-02 2.36340676e-02
 1.80068196e-02 3.15119343e-02 2.36339507e-02 1.91323404e-02
 3.48882130e-02 3.37627867e-02 4.05155445e-02 4.83933277e-02
 5.73967375e-02 4.83935670e-02 5.96475899e-02 7.09018522e-02
 8.21565207e-02 1.10291770e-01 9.67866553e-02 1.39552852e-01
 1.17044906e-01 1.48556262e-01 1.60935950e-01 2.01452291e-01
 1.95824163e-01 2.13830983e-01 2.46469562e-01 3.78143212e-01
 3.30875310e-01 3.80395945e-01 4.98563818e-01 5.05316375e-01
 6.15611190e-01 6.29113260e-01 7.03391391e-01 9.44237273e-01
 9.81371668e-01 1.05902608e+00 1.18395132e+00 1.32688080e+00
 1.51144742e+00 1.78718126e+00 1.88508893e+00 2.14956941e+00
 2.38590950e+00 2.54796497e+00 2.86646768e+00 3.17932909e+00
 3.49895879e+00 3.79044490e+00 4.20796866e+00 4.63001494e+00
 5.07455940e+00 5.58098865e+00 5.99628575e+00 6.26526329e+00
 6.98439515e+00 7.49535719e+00 8.06031259e+00 8.50373107e+00
 9.15985537e+00 9.63366040e+00 1.03213094e+01 1.08592511e+01
 1.13544392e+01 1.21625113e+01 1.23313104e+01 1.28917733e+01
 1.34421075e+01 1.39024159e+01 1.40149588e+01 1.45056365e+01
 1.48263880e+01 1.50312159e+01 1.54712582e+01 1.54037325e+01
 1.57154761e+01 1.56625810e+01 1.55286551e+01 1.56130621e+01
 1.52360438e+01 1.51426333e+01 1.49524406e+01 1.45348977e+01
 1.42974324e+01 1.39980773e+01 1.34376140e+01 1.31573743e+01
 1.24033378e+01 1.19014118e+01 1.17066981e+01 1.09391564e+01
 1.04676023e+01 9.86324763e+00 9.39170507e+00 8.82335251e+00
 8.15822479e+00 7.69343270e+00 7.21510753e+00 6.69180088e+00
 6.15722210e+00 5.70816181e+00 5.26475690e+00 4.82809044e+00
 4.50057947e+00 4.07517844e+00 3.56760113e+00 3.31776472e+00
 3.05328890e+00 2.66275845e+00 2.48044553e+00 2.23059478e+00
 1.96049733e+00 1.78830669e+00 1.51257285e+00 1.40453540e+00
 1.31337565e+00 1.13330421e+00 1.02188954e+00 9.04844922e-01
 7.52910144e-01 6.65126899e-01 6.14485758e-01 5.73967375e-01
 4.65926457e-01 4.10782604e-01 3.84895769e-01 3.18495622e-01
 2.86985107e-01 2.48719196e-01 2.36339507e-01 1.99201427e-01
 1.83444475e-01 2.12705557e-01 1.33925721e-01 1.10292316e-01
 1.00162934e-01 1.05790065e-01 9.34108387e-02 6.97764259e-02
 5.96475899e-02 6.30241803e-02 4.61424752e-02 5.62713112e-02
 4.16409763e-02 2.92610818e-02 2.25085245e-02 2.92610818e-02
 2.02577722e-02 2.36339507e-02 2.25085245e-02 1.57560451e-02
 2.02576720e-02 9.00340980e-03 6.75259075e-03 1.91322458e-02
 4.50170490e-03 7.87802254e-03 7.87798357e-03 5.62713112e-03
 5.62715896e-03 6.75252395e-03 1.01288861e-02 7.87802254e-03
 4.50168264e-03 9.00345433e-03 3.37629537e-03 2.25084132e-03
 2.25086358e-03 2.25086358e-03 5.62710329e-03 0.00000000e+00
 3.37629537e-03 1.12542066e-03 1.12543179e-03 2.25086358e-03
 4.50168264e-03 0.00000000e+00 2.25086358e-03 2.25084132e-03
 0.00000000e+00 2.25086358e-03 1.12542066e-03 1.12543179e-03
 1.12543179e-03 1.12542066e-03 0.00000000e+00 0.00000000e+00
 0.00000000e+00 0.00000000e+00 0.00000000e+00 0.00000000e+00
 0.00000000e+00 0.00000000e+00 0.00000000e+00 0.00000000e+00
 0.00000000e+00 0.00000000e+00 0.00000000e+00 0.00000000e+00
 1.12543179e-03 0.00000000e+00 0.00000000e+00 1.12543179e-03]
[-0.12498327 -0.10936036 -0.09373745 -0.07811454 -0.06249163 -0.04686873
 -0.03124582 -0.01562291 -0.          0.01562291  0.03124582  0.04686873
  0.06249163  0.07811454  0.09373745  0.10936036]
