[ 0.00632831 -0.02332461 -0.03940691 ... -0.00492973 -0.00210404
 -0.00621208]
[ 0.         -0.01811766 -0.03623531 ... -0.         -0.
 -0.        ]
[4.98832809e-04 0.00000000e+00 4.98832809e-04 0.00000000e+00
 0.00000000e+00 0.00000000e+00 4.98832809e-04 0.00000000e+00
 0.00000000e+00 0.00000000e+00 4.98832809e-04 0.00000000e+00
 0.00000000e+00 4.98832809e-04 0.00000000e+00 0.00000000e+00
 0.00000000e+00 0.00000000e+00 0.00000000e+00 0.00000000e+00
 0.00000000e+00 0.00000000e+00 0.00000000e+00 0.00000000e+00
 0.00000000e+00 0.00000000e+00 0.00000000e+00 0.00000000e+00
 0.00000000e+00 4.98832809e-04 4.98832809e-04 0.00000000e+00
 4.98832809e-04 0.00000000e+00 0.00000000e+00 4.98832809e-04
 0.00000000e+00 0.00000000e+00 4.98832809e-04 0.00000000e+00
 0.00000000e+00 4.98832809e-04 0.00000000e+00 4.98832809e-04
 4.98832809e-04 0.00000000e+00 4.98832809e-04 0.00000000e+00
 4.98832809e-04 4.98832809e-04 0.00000000e+00 1.49649843e-03
 0.00000000e+00 1.49649843e-03 0.00000000e+00 1.49649843e-03
 9.97665618e-04 4.98832809e-04 4.98832809e-04 4.98832809e-04
 1.49649843e-03 4.98832809e-04 1.99533124e-03 2.99299686e-03
 9.47782337e-03 1.99533124e-03 6.48482652e-03 9.47782337e-03
 9.47782337e-03 1.54638171e-02 2.64381389e-02 2.84334701e-02
 3.64147951e-02 6.88389277e-02 7.88155838e-02 1.00265395e-01
 1.47155679e-01 1.94544796e-01 2.64880222e-01 3.43695806e-01
 4.37975206e-01 6.12067857e-01 7.56230539e-01 9.92178457e-01
 1.23660653e+00 1.54588288e+00 1.93696780e+00 2.42981461e+00
 2.97054938e+00 3.54520477e+00 4.25454503e+00 5.03222538e+00
 5.78097343e+00 6.72576277e+00 7.75186185e+00 8.78693993e+00
 9.69182265e+00 1.06525746e+01 1.15340122e+01 1.23002194e+01
 1.29546881e+01 1.33512601e+01 1.36695155e+01 1.38416128e+01
 1.35911987e+01 1.32425146e+01 1.27611409e+01 1.21829937e+01
 1.16362729e+01 1.07278984e+01 9.65091836e+00 8.69914536e+00
 7.69000659e+00 6.81455501e+00 5.94459059e+00 5.08809465e+00
 4.29345399e+00 3.55767559e+00 2.91118827e+00 2.41534846e+00
 1.91601682e+00 1.58878250e+00 1.25805634e+00 9.42794009e-01
 7.94640665e-01 5.66175238e-01 4.68902841e-01 3.49681799e-01
 2.69868550e-01 1.74092650e-01 1.44661515e-01 1.14232713e-01
 7.43260886e-02 5.38739434e-02 3.29229654e-02 2.59393061e-02
 1.94544796e-02 1.49649843e-02 1.04754890e-02 1.09743218e-02
 3.49182966e-03 6.48482652e-03 2.49416405e-03 9.97665618e-04
 1.99533124e-03 1.49649843e-03 4.98832809e-04 1.49649843e-03
 4.98832809e-04 4.98832809e-04 4.98832809e-04 4.98832809e-04
 4.98832809e-04 0.00000000e+00 4.98832809e-04 0.00000000e+00
 0.00000000e+00 4.98832809e-04 0.00000000e+00 0.00000000e+00
 9.97665618e-04 0.00000000e+00 4.98832809e-04 0.00000000e+00
 0.00000000e+00 4.98832809e-04 0.00000000e+00 9.97665618e-04
 0.00000000e+00 0.00000000e+00 4.98832809e-04 0.00000000e+00
 0.00000000e+00 0.00000000e+00 0.00000000e+00 0.00000000e+00
 0.00000000e+00 0.00000000e+00 9.97665618e-04 4.98832809e-04
 0.00000000e+00 0.00000000e+00 0.00000000e+00 4.98832809e-04
 0.00000000e+00 0.00000000e+00 0.00000000e+00 0.00000000e+00
 0.00000000e+00 4.98832809e-04 0.00000000e+00 0.00000000e+00
 0.00000000e+00 0.00000000e+00 0.00000000e+00 4.98832809e-04
 0.00000000e+00 0.00000000e+00 0.00000000e+00 0.00000000e+00
 0.00000000e+00 0.00000000e+00 0.00000000e+00 0.00000000e+00
 0.00000000e+00 0.00000000e+00 0.00000000e+00 0.00000000e+00
 0.00000000e+00 0.00000000e+00 0.00000000e+00 0.00000000e+00
 0.00000000e+00 4.98832809e-04 0.00000000e+00 0.00000000e+00
 0.00000000e+00 0.00000000e+00 0.00000000e+00 0.00000000e+00
 0.00000000e+00 0.00000000e+00 0.00000000e+00 0.00000000e+00
 0.00000000e+00 0.00000000e+00 0.00000000e+00 0.00000000e+00
 0.00000000e+00 4.98832809e-04 0.00000000e+00 0.00000000e+00
 0.00000000e+00 0.00000000e+00 0.00000000e+00 0.00000000e+00
 0.00000000e+00 0.00000000e+00 0.00000000e+00 0.00000000e+00
 0.00000000e+00 0.00000000e+00 0.00000000e+00 0.00000000e+00
 0.00000000e+00 0.00000000e+00 0.00000000e+00 0.00000000e+00
 0.00000000e+00 0.00000000e+00 0.00000000e+00 0.00000000e+00
 0.00000000e+00 0.00000000e+00 0.00000000e+00 4.98832809e-04]
[-0.14494124 -0.12682359 -0.10870593 -0.09058827 -0.07247062 -0.05435297
 -0.03623531 -0.01811766 -0.          0.01811766  0.03623531  0.05435297
  0.07247062  0.09058827  0.10870593  0.12682359]
