[ 0.06388468 -0.16994832 -0.16969326 ...  0.01889656 -0.02483929
 -0.13038254]
[ 0.09667009 -0.16997123 -0.16997123 ... -0.03665057 -0.03665057
 -0.16997123]
[1.44859688e+01 6.12244624e+00 4.77503577e+00 4.09323495e+00
 3.65988025e+00 3.38103186e+00 3.18026424e+00 3.08564321e+00
 3.29180030e+00 8.83620546e-01 4.40408650e-01 3.94978296e-01
 3.63435764e-01 3.30433724e-01 3.03350662e-01 2.77204307e-01
 2.59108309e-01 2.37719958e-01 2.22841427e-01 2.06319909e-01
 1.92622419e-01 1.79386187e-01 1.65695332e-01 1.56471052e-01
 1.48257647e-01 1.37994596e-01 1.29075722e-01 1.21717614e-01
 1.14882368e-01 1.07999608e-01 1.03451992e-01 9.60939252e-02
 9.01207209e-02 8.54033828e-02 7.95182831e-02 7.77059586e-02
 7.32261718e-02 6.86985287e-02 6.43274407e-02 6.16802209e-02
 5.79399902e-02 5.50078695e-02 5.13357006e-02 4.98897526e-02
 4.80368574e-02 4.38351050e-02 4.25252101e-02 3.99119290e-02
 3.69862941e-02 3.71357421e-02 3.35586016e-02 3.23842190e-02
 3.07416882e-02 2.89632995e-02 2.84337651e-02 2.67369198e-02
 2.50128331e-02 2.41303497e-02 2.26982127e-02 2.15170770e-02
 2.05668614e-02 1.95894264e-02 1.88224114e-02 1.74443886e-02
 1.65960317e-02 1.57000496e-02 1.48583695e-02 1.43357133e-02
 1.37044532e-02 1.27948142e-02 1.23876310e-02 1.13762573e-02
 1.04734875e-02 1.03580959e-02 9.57750542e-03 9.69962307e-03
 8.92588209e-03 8.64079688e-03 8.23353230e-03 7.50724379e-03
 7.43931902e-03 6.42799265e-03 6.65198817e-03 6.50265783e-03
 5.74243061e-03 5.43019443e-03 5.20616578e-03 5.02292984e-03
 4.61566526e-03 4.58172655e-03 4.42560846e-03 3.63141941e-03
 3.72647093e-03 3.67895672e-03 3.25132891e-03 3.09521082e-03
 2.85085207e-03 2.81689543e-03 2.76261141e-03 2.53861589e-03
 2.33498360e-03 2.27389392e-03 2.17885165e-03 2.04311065e-03
 1.89378031e-03 1.77160093e-03 1.65620930e-03 1.52724218e-03
 1.54759556e-03 1.24894472e-03 1.55439315e-03 1.25573246e-03
 1.33039763e-03 1.15391632e-03 1.02494268e-03 8.00958775e-04
 8.82395364e-04 8.75618851e-04 9.29920796e-04 7.53439477e-04
 8.48467879e-04 7.87378192e-04 6.71986560e-04 6.58411074e-04
 6.51623331e-04 5.36231700e-04 5.36231700e-04 5.15868471e-04
 4.95498935e-04 4.07264582e-04 4.07264582e-04 3.93689096e-04
 3.66538124e-04 3.25811666e-04 2.98660693e-04 3.52962638e-04
 2.71509721e-04 2.37571006e-04 2.78297464e-04 2.57930953e-04
 1.90056805e-04 2.64721978e-04 1.90056805e-04 2.44358749e-04
 1.83269062e-04 2.03632291e-04 1.83269062e-04 1.22179375e-04
 1.22179375e-04 1.49330347e-04 2.03629699e-04 1.62905833e-04
 1.35754861e-04 1.22179375e-04 1.01816145e-04 9.50284025e-05
 1.49330347e-04 8.82406594e-05 8.82406594e-05 8.82406594e-05
 8.14529164e-05 4.07259399e-05 5.43019443e-05 8.14529164e-05
 5.43019443e-05 8.82406594e-05 8.82406594e-05 3.39387152e-05
 4.75142012e-05 4.07264582e-05 4.75142012e-05 4.07264582e-05
 3.39382832e-05 6.78774303e-05 3.39387152e-05 3.39387152e-05
 5.43019443e-05 5.43019443e-05 4.75142012e-05 2.71509721e-05
 4.07264582e-05 3.39387152e-05 5.43019443e-05 4.75135965e-05
 2.71509721e-05 6.78774303e-06 4.07264582e-05 2.03632291e-05
 4.07264582e-05 2.03632291e-05 1.35754861e-05 1.35754861e-05
 6.78774303e-06 1.35754861e-05 2.71506266e-05 1.35754861e-05
 2.71509721e-05 2.03632291e-05 1.35754861e-05 1.35754861e-05
 1.35754861e-05 0.00000000e+00 0.00000000e+00 0.00000000e+00
 0.00000000e+00 0.00000000e+00 0.00000000e+00 0.00000000e+00
 1.35754861e-05 0.00000000e+00 6.78774303e-06 0.00000000e+00
 0.00000000e+00 1.35754861e-05 1.35754861e-05 6.78774303e-06
 6.78774303e-06 0.00000000e+00 0.00000000e+00 0.00000000e+00
 2.03632291e-05 0.00000000e+00 0.00000000e+00 6.78765665e-06
 6.78782942e-06 0.00000000e+00 0.00000000e+00 0.00000000e+00
 0.00000000e+00 0.00000000e+00 0.00000000e+00 6.78765665e-06
 0.00000000e+00 0.00000000e+00 0.00000000e+00 0.00000000e+00
 0.00000000e+00 0.00000000e+00 0.00000000e+00 0.00000000e+00
 0.00000000e+00 0.00000000e+00 0.00000000e+00 0.00000000e+00
 0.00000000e+00 0.00000000e+00 0.00000000e+00 0.00000000e+00
 0.00000000e+00 0.00000000e+00 0.00000000e+00 0.00000000e+00
 0.00000000e+00 0.00000000e+00 0.00000000e+00 6.78765665e-06]
[-0.16997123 -0.03665057  0.09667009  0.22999075  0.3633114   0.4966321
  0.6299527   0.76327336  0.89659405  1.0299147   1.1632354   1.296556
  1.4298767   1.5631974   1.696518    1.8298386 ]
