[-0.08228119 -0.16083296 -0.07321783 ... -0.08814529 -0.07349694
 -0.12694284]
[-0.03536347 -0.16997123 -0.03536347 ... -0.03536347 -0.03536347
 -0.16997123]
[8.34590231e+00 3.97134234e+00 3.59957708e+00 4.01304575e+00
 3.00428050e+00 3.32214121e-01 2.77018315e-01 2.36838993e-01
 2.06844081e-01 1.78849023e-01 1.59446934e-01 1.39385096e-01
 1.23948148e-01 1.11109817e-01 1.00306581e-01 8.96026187e-02
 8.26389751e-02 7.35816559e-02 6.69625925e-02 6.04133979e-02
 5.40629355e-02 5.01766103e-02 4.66758526e-02 4.17354942e-02
 3.82259641e-02 3.50374934e-02 3.18053336e-02 2.92271091e-02
 2.73935224e-02 2.45846412e-02 2.29086811e-02 2.07276290e-02
 1.90925435e-02 1.76297259e-02 1.62837001e-02 1.48033182e-02
 1.33609847e-02 1.27215495e-02 1.14397592e-02 1.02104938e-02
 9.76087672e-03 8.87909845e-03 8.26886117e-03 7.46881417e-03
 6.70385072e-03 6.58413910e-03 5.55345125e-03 5.39868546e-03
 4.87605867e-03 4.44392892e-03 4.09939304e-03 3.68185093e-03
 3.26141170e-03 3.09790314e-03 2.82344235e-03 2.61028924e-03
 2.41175860e-03 2.19275975e-03 1.95917682e-03 1.79567983e-03
 1.74603240e-03 1.48909118e-03 1.35478933e-03 1.34018206e-03
 1.24383676e-03 1.17375422e-03 1.02192532e-03 9.13898840e-04
 7.79583027e-04 8.20465093e-04 6.27754123e-04 6.59871776e-04
 5.86880725e-04 5.72278177e-04 5.69358391e-04 4.87607368e-04
 4.46727353e-04 4.81767759e-04 3.97090980e-04 3.53294181e-04
 3.47456748e-04 2.36502716e-04 2.54021436e-04 2.59862610e-04
 2.65700582e-04 1.98546713e-04 2.30663143e-04 1.54748691e-04
 1.69348667e-04 1.31390398e-04 1.63508051e-04 1.25551598e-04
 1.51828904e-04 9.63535518e-05 1.05112318e-04 8.46738119e-05
 8.46743334e-05 8.46738119e-05 8.75941380e-05 8.17540253e-05
 1.19711251e-04 8.46743334e-05 9.92727450e-05 7.29946655e-05
 8.17545288e-05 4.67165859e-05 8.46743334e-05 4.67165859e-05
 7.00748788e-05 5.54759457e-05 9.34343227e-05 5.83957324e-05
 7.00748788e-05 6.13155190e-05 4.96363725e-05 4.67165859e-05
 4.37973388e-05 5.83957324e-05 3.21176528e-05 6.13155190e-05
 3.79572260e-05 6.13162743e-05 4.67165859e-05 4.08770127e-05
 4.67165859e-05 4.08770127e-05 1.45991129e-05 5.25561591e-05
 4.08770127e-05 4.08770127e-05 3.21176528e-05 5.25568065e-05
 3.79572260e-05 2.62780796e-05 1.75187197e-05 4.67165859e-05
 2.91978662e-05 4.08775162e-05 6.42353056e-05 2.91978662e-05
 4.96363725e-05 3.21176528e-05 2.91982258e-05 4.67165859e-05
 4.67165859e-05 3.50374394e-05 3.21176528e-05 3.79576936e-05
 3.79572260e-05 1.45989331e-05 2.62780796e-05 4.67165859e-05
 3.79572260e-05 2.62784033e-05 4.96363725e-05 4.37967993e-05
 4.67165859e-05 4.08770127e-05 4.37973388e-05 3.21176528e-05
 6.13155190e-05 2.62780796e-05 4.96363725e-05 4.67171613e-05
 3.21176528e-05 6.42353056e-05 3.21176528e-05 4.67165859e-05
 2.62784033e-05 4.08770127e-05 2.91978662e-05 7.59144521e-05
 2.91978662e-05 5.25561591e-05 5.54766291e-05 3.79572260e-05
 4.67165859e-05 3.50374394e-05 2.62780796e-05 3.79576936e-05
 5.25561591e-05 3.50374394e-05 1.75187197e-05 3.79572260e-05
 3.79576936e-05 5.25561591e-05 4.37967993e-05 4.08770127e-05
 4.96363725e-05 2.62780796e-05 2.62784033e-05 2.04385063e-05
 4.08770127e-05 2.62780796e-05 1.16791465e-05 1.16792903e-05
 3.50374394e-05 2.91978662e-05 3.21176528e-05 2.62780796e-05
 2.91982258e-05 2.91978662e-05 2.04385063e-05 2.33582929e-05
 1.75187197e-05 1.16792903e-05 3.50374394e-05 1.45989331e-05
 8.75935986e-06 2.33582929e-05 1.16791465e-05 2.04387581e-05
 5.83950131e-06 5.83964517e-06 5.83964517e-06 8.75925196e-06
 1.45991129e-05 1.16790026e-05 8.75946775e-06 5.83964517e-06
 2.91975065e-06 8.75946775e-06 8.75925196e-06 5.83964517e-06
 8.75946775e-06 8.75925196e-06 2.91982258e-06 2.91975065e-06
 2.91982258e-06 0.00000000e+00 5.83950131e-06 0.00000000e+00
 2.91975065e-06 2.91982258e-06 5.83964517e-06 5.83950131e-06
 2.91982258e-06 2.91975065e-06 0.00000000e+00 0.00000000e+00
 0.00000000e+00 0.00000000e+00 0.00000000e+00 0.00000000e+00
 0.00000000e+00 0.00000000e+00 0.00000000e+00 0.00000000e+00
 0.00000000e+00 0.00000000e+00 0.00000000e+00 2.91982258e-06
 0.00000000e+00 0.00000000e+00 0.00000000e+00 2.91982258e-06]
[-0.16997123 -0.03536347  0.0992443   0.23385206  0.36845982  0.5030676
  0.63767534  0.7722831   0.90689087  1.0414987   1.1761065   1.3107141
  1.4453219   1.5799297   1.7145374   1.8491452 ]
