[-0.09488282 -0.1664097  -0.11097635 ... -0.02949087 -0.1503647
 -0.04800527]
[-0.02135979 -0.16997123 -0.16997123 ... -0.02135979 -0.16997123
 -0.02135979]
[1.50081626e+01 6.42806144e+00 5.05753782e+00 4.42397887e+00
 3.98006425e+00 3.75092968e+00 3.56752778e+00 3.44335773e+00
 3.41635598e+00 3.53453579e+00 2.81078138e+00 4.11903548e-01
 3.87215322e-01 3.49469829e-01 3.25193759e-01 2.97653091e-01
 2.72647949e-01 2.58957042e-01 2.45424354e-01 2.26377450e-01
 2.09738846e-01 1.96048006e-01 1.82959124e-01 1.73578069e-01
 1.64419181e-01 1.53865676e-01 1.45974316e-01 1.38304801e-01
 1.30191354e-01 1.19257783e-01 1.18972553e-01 1.10479041e-01
 1.02967988e-01 1.00147381e-01 9.39990926e-02 8.97521699e-02
 8.52520428e-02 8.01495971e-02 7.42865384e-02 7.23216215e-02
 6.95643993e-02 6.81065576e-02 6.24969205e-02 5.86940805e-02
 5.64754120e-02 5.56514161e-02 5.14365511e-02 5.29892754e-02
 4.69996336e-02 4.63022317e-02 4.55417892e-02 4.07877975e-02
 3.89813450e-02 3.92033356e-02 3.66044337e-02 3.50833408e-02
 3.23259934e-02 3.29281442e-02 3.14387299e-02 2.91567783e-02
 2.67482743e-02 2.86180118e-02 2.52270454e-02 2.26915797e-02
 2.40226500e-02 2.07267433e-02 2.12971251e-02 2.15190500e-02
 1.86983687e-02 1.77793624e-02 1.71454534e-02 1.65116103e-02
 1.49270583e-02 1.53073655e-02 1.70820056e-02 1.30572144e-02
 1.32156758e-02 1.32155776e-02 1.14409088e-02 1.24867536e-02
 1.17261392e-02 1.18211282e-02 9.82460310e-03 9.63444950e-03
 8.96884525e-03 8.77875826e-03 8.58860465e-03 8.30337424e-03
 8.52515679e-03 8.27168197e-03 6.52860722e-03 7.00393922e-03
 6.87722217e-03 6.21168454e-03 6.84552990e-03 5.89471808e-03
 6.59199176e-03 5.13414743e-03 4.37350051e-03 4.72214794e-03
 5.00737836e-03 4.37353299e-03 4.34180848e-03 3.83476444e-03
 4.08830258e-03 3.13751123e-03 3.96153351e-03 3.48614949e-03
 3.39104750e-03 2.97907320e-03 3.35938042e-03 2.53538145e-03
 3.16920327e-03 2.34522784e-03 3.20091908e-03 2.72551481e-03
 1.99661289e-03 1.99661289e-03 2.05999743e-03 2.66213074e-03
 1.93322835e-03 1.45784433e-03 1.80644586e-03 1.96492062e-03
 1.83815155e-03 1.39445980e-03 1.33106537e-03 1.36276753e-03
 1.64799794e-03 8.55684882e-04 1.23599846e-03 1.10922938e-03
 1.36276753e-03 7.92300817e-04 8.55691238e-04 9.50760980e-04
 7.60614434e-04 1.04584485e-03 6.65537630e-04 1.07753711e-03
 7.92306702e-04 7.60603135e-04 6.33845362e-04 9.19075774e-04
 5.07076289e-04 8.87383506e-04 6.33845362e-04 5.07076289e-04
 5.07068756e-04 6.33845362e-04 5.70460825e-04 5.70460825e-04
 2.53538145e-04 4.43691753e-04 3.16922681e-04 4.43685162e-04
 4.75384021e-04 5.07076289e-04 4.43691753e-04 2.85230413e-04
 3.80307217e-04 4.11999485e-04 4.75376959e-04 2.85230413e-04
 4.11999485e-04 4.43691753e-04 3.16922681e-04 4.75384021e-04
 3.80307217e-04 3.48609770e-04 2.21845877e-04 1.26769072e-04
 1.58461340e-04 1.58461340e-04 2.85230413e-04 3.16922681e-04
 2.53534378e-04 2.53538145e-04 1.90153608e-04 3.80307217e-04
 6.33845362e-05 9.50768042e-05 1.58461340e-04 1.90150784e-04
 1.26769072e-04 1.58461340e-04 9.50768042e-05 1.90153608e-04
 9.50768042e-05 6.33845362e-05 2.21842581e-04 9.50768042e-05
 1.26769072e-04 3.16922681e-04 9.50768042e-05 1.26769072e-04
 1.58461340e-04 6.33835945e-05 2.85230413e-04 2.53538145e-04
 1.26769072e-04 3.16922681e-05 1.58461340e-04 6.33845362e-05
 1.58458986e-04 1.90153608e-04 6.33845362e-05 9.50768042e-05
 9.50768042e-05 3.16922681e-05 1.58461340e-04 6.33835945e-05
 2.21845877e-04 9.50768042e-05 6.33845362e-05 3.16922681e-05
 6.33845362e-05 3.16917973e-05 6.33845362e-05 3.16922681e-05
 3.16922681e-05 0.00000000e+00 3.16922681e-05 1.26769072e-04
 9.50753918e-05 3.16922681e-05 3.16922681e-05 6.33845362e-05
 3.16922681e-05 6.33845362e-05 0.00000000e+00 0.00000000e+00
 0.00000000e+00 6.33845362e-05 6.33845362e-05 6.33845362e-05
 9.50768042e-05 3.16922681e-05 0.00000000e+00 0.00000000e+00
 0.00000000e+00 3.16922681e-05 6.33845362e-05 0.00000000e+00
 6.33845362e-05 3.16917973e-05 0.00000000e+00 0.00000000e+00
 0.00000000e+00 0.00000000e+00 3.16922681e-05 3.16922681e-05
 0.00000000e+00 3.16922681e-05 3.16922681e-05 6.33845362e-05]
[-0.16997123 -0.02135979  0.12725165  0.2758631   0.42447454  0.57308596
  0.72169745  0.8703089   1.0189203   1.1675317   1.3161432   1.4647546
  1.6133661   1.7619776   1.910589    2.0592003 ]
