[ 0.8344423  -0.43966287 -0.4314145  ... -1.6540439  -0.33754456
 -0.42240825]
[ 0.7810053  -0.39050266 -0.39050266 ... -1.5620106  -0.39050266
 -0.39050266]
[8.18014729e-06 4.09007365e-06 1.63605330e-05 8.18014729e-06
 1.63602946e-05 2.04503682e-05 3.27210660e-05 2.86305155e-05
 1.22702209e-05 1.63602946e-05 5.31717322e-05 4.90808838e-05
 6.13511047e-05 1.06341915e-04 1.26794131e-04 1.39062504e-04
 1.18612136e-04 1.02251841e-04 1.84055996e-04 1.34972430e-04
 2.16773903e-04 1.75873167e-04 1.88146129e-04 2.12683830e-04
 1.88143388e-04 2.16773903e-04 2.29047462e-04 2.33134198e-04
 2.69944861e-04 2.16773903e-04 2.78129061e-04 2.57674640e-04
 2.61764713e-04 2.08593756e-04 2.08596795e-04 2.53584566e-04
 2.29044124e-04 2.57674640e-04 2.49498128e-04 2.33134198e-04
 1.96323535e-04 2.45404419e-04 2.08596795e-04 2.00413609e-04
 1.71783093e-04 1.84053314e-04 1.75875729e-04 1.51332725e-04
 1.26792283e-04 1.22702209e-04 1.22703997e-04 7.36213256e-05
 5.72610311e-05 7.36213256e-05 7.36223984e-05 7.77113993e-05
 9.81617675e-05 5.72610311e-05 5.31709574e-05 5.31717322e-05
 3.27205892e-05 3.27205892e-05 4.90808838e-05 2.86309327e-05
 3.27205892e-05 1.63602946e-05 4.09007365e-05 3.68111992e-05
 8.18014729e-06 3.27205892e-05 3.27205892e-05 1.63605330e-05
 2.04503682e-05 1.63602946e-05 1.22702209e-05 3.27210660e-05
 8.18014729e-06 1.63602946e-05 2.04503682e-05 2.04506662e-05
 5.31709574e-05 3.27205892e-05 3.68106628e-05 2.86309327e-05
 2.45404419e-05 4.09007365e-06 3.68106628e-05 4.09013324e-05
 4.49908101e-05 1.63602946e-05 4.90808838e-05 2.86309327e-05
 3.27205892e-05 4.09007365e-05 8.18014729e-06 3.27210660e-05
 2.04503682e-05 2.04503682e-05 3.68106628e-05 2.86309327e-05
 8.18014729e-06 2.04503682e-05 3.68106628e-05 1.22703997e-05
 4.09007365e-06 1.22702209e-05 3.27208276e-05 1.22702209e-05
 1.63604138e-05 1.63602946e-05 1.63604138e-05 2.04503682e-05
 2.04505172e-05 1.63602946e-05 1.22702209e-05 2.45406207e-05
 1.63602946e-05 2.04505172e-05 8.18014729e-06 8.18020689e-06
 8.18014729e-06 1.22703103e-05 4.09007365e-06 8.18020689e-06
 8.18014729e-06 8.18020689e-06 1.22702209e-05 8.18020689e-06
 1.22702209e-05 8.18020689e-06 0.00000000e+00 4.09010345e-06
 0.00000000e+00 0.00000000e+00 0.00000000e+00 4.09010345e-06
 0.00000000e+00 4.09010345e-06 4.09007365e-06 0.00000000e+00
 8.18014729e-06 4.09010345e-06 0.00000000e+00 4.09010345e-06
 0.00000000e+00 0.00000000e+00 0.00000000e+00 4.09010345e-06
 0.00000000e+00 0.00000000e+00 0.00000000e+00 4.09010345e-06
 4.09007365e-06 4.09010345e-06 0.00000000e+00 0.00000000e+00
 0.00000000e+00 0.00000000e+00 0.00000000e+00 0.00000000e+00
 0.00000000e+00 0.00000000e+00 0.00000000e+00 0.00000000e+00
 0.00000000e+00 0.00000000e+00 0.00000000e+00 0.00000000e+00
 0.00000000e+00 0.00000000e+00 0.00000000e+00 0.00000000e+00
 0.00000000e+00 0.00000000e+00 0.00000000e+00 0.00000000e+00
 0.00000000e+00 0.00000000e+00 0.00000000e+00 0.00000000e+00
 0.00000000e+00 0.00000000e+00 0.00000000e+00 0.00000000e+00
 0.00000000e+00 0.00000000e+00 0.00000000e+00 0.00000000e+00
 0.00000000e+00 0.00000000e+00 0.00000000e+00 0.00000000e+00
 0.00000000e+00 0.00000000e+00 0.00000000e+00 0.00000000e+00
 0.00000000e+00 0.00000000e+00 0.00000000e+00 0.00000000e+00
 4.09008855e-06 0.00000000e+00 2.86306198e-05 4.90810626e-05
 1.14522479e-04 1.47243188e-04 2.65855755e-04 4.74450271e-04
 7.44396115e-04 1.40699046e-03 2.52358463e-03 4.75677298e-03
 8.27424159e-03 1.42989496e-02 2.37552343e-02 3.73547787e-02
 5.58297087e-02 8.32578424e-02 1.18927505e-01 1.63108641e-01
 2.18541512e-01 2.81929803e-01 3.52291597e-01 4.24436572e-01
 4.83207151e-01 5.37777051e-01 5.73201369e-01 5.86387748e-01
 5.83757821e-01 5.53773386e-01 5.07665880e-01 4.45705028e-01
 3.74766633e-01 3.08998009e-01 2.45368502e-01 1.86610205e-01
 1.41840181e-01 1.02244033e-01 7.13270542e-02 4.86352429e-02
 3.16409250e-02 2.05772355e-02 1.33827697e-02 8.29469202e-03
 4.89992608e-03 3.07983668e-03 1.69738675e-03 9.65260897e-04
 5.19441245e-04 3.27207084e-04 1.39063011e-04 6.95315053e-05
 2.45405313e-05 4.09008855e-06 4.09008855e-06 8.18017709e-06]
[-3.1240213  -2.7335186  -2.343016   -1.9525133  -1.5620106  -1.171508
 -0.7810053  -0.39050266 -0.          0.39050266  0.7810053   1.171508
  1.5620106   1.9525133   2.343016    2.7335186 ]
