[-0.09485856 -0.05801318 -0.09439057 ... -0.7394944   0.10443641
 -0.21238175]
[-0.         -0.         -0.         ... -0.78074723  0.
 -0.39037362]
[4.07028362e-06 0.00000000e+00 0.00000000e+00 0.00000000e+00
 0.00000000e+00 0.00000000e+00 0.00000000e+00 0.00000000e+00
 0.00000000e+00 0.00000000e+00 0.00000000e+00 0.00000000e+00
 0.00000000e+00 4.07033954e-06 1.62811345e-05 1.22108509e-05
 1.62811345e-05 1.22108509e-05 2.03514181e-05 8.14056724e-06
 3.25622690e-05 3.25622690e-05 4.07033954e-05 3.25622690e-05
 4.07028362e-05 4.07028362e-05 4.88434035e-05 4.07028362e-05
 7.32651052e-05 5.69839707e-05 4.07028362e-05 4.88440745e-05
 6.91948216e-05 5.29136871e-05 4.47731198e-05 7.73353888e-05
 6.10542543e-05 6.10542543e-05 7.73353888e-05 4.47731198e-05
 4.07033954e-05 8.14056724e-05 9.36165233e-05 5.29136871e-05
 7.73353888e-05 7.73353888e-05 7.73353888e-05 1.05827374e-04
 8.54771303e-05 6.91948216e-05 6.51245380e-05 9.36165233e-05
 1.09897658e-04 1.05827374e-04 6.51245380e-05 4.88434035e-05
 8.95462397e-05 5.69847535e-05 7.73353888e-05 8.95462397e-05
 1.38389643e-04 9.76868069e-05 1.34319360e-04 8.54759561e-05
 9.36165233e-05 7.73353888e-05 7.32661117e-05 1.26178792e-04
 1.26178792e-04 1.18038225e-04 1.05827374e-04 1.42459927e-04
 1.30249076e-04 9.36165233e-05 6.51245380e-05 1.79094940e-04
 1.18038225e-04 8.54759561e-05 9.76868069e-05 1.13967941e-04
 1.13967941e-04 8.14056724e-05 1.18038225e-04 1.01757091e-04
 9.36178094e-05 1.13967941e-04 1.01757091e-04 1.09897658e-04
 1.42459927e-04 7.73353888e-05 1.13967941e-04 7.73353888e-05
 1.09897658e-04 1.05828828e-04 7.73353888e-05 1.01757091e-04
 1.01757091e-04 1.09897658e-04 1.26178792e-04 8.14056724e-05
 1.34319360e-04 9.36165233e-05 1.18039847e-04 1.01757091e-04
 1.38389643e-04 8.54759561e-05 1.05827374e-04 6.51245380e-05
 6.10542543e-05 9.36171663e-05 7.73353888e-05 8.95462397e-05
 6.51245380e-05 6.51249853e-05 5.29136871e-05 6.51245380e-05
 6.51245380e-05 5.29140505e-05 7.32651052e-05 3.66325526e-05
 3.25622690e-05 4.07028362e-05 6.91952969e-05 5.29136871e-05
 3.66325526e-05 2.84919854e-05 2.03515579e-05 1.62811345e-05
 3.25622690e-05 2.84919854e-05 2.03514181e-05 1.22109347e-05
 3.66325526e-05 2.44217017e-05 1.22108509e-05 2.44218695e-05
 2.44217017e-05 8.14056724e-06 2.84919854e-05 2.44217017e-05
 1.62812463e-05 8.14056724e-06 4.07028362e-06 2.03514181e-05
 8.14062316e-06 8.14056724e-06 1.22108509e-05 1.62811345e-05
 4.07028362e-06 4.07031158e-06 1.22108509e-05 4.07028362e-06
 8.14056724e-06 8.14062316e-06 1.62811345e-05 1.62811345e-05
 4.07028362e-06 4.07028362e-06 4.07031158e-06 0.00000000e+00
 4.07028362e-06 0.00000000e+00 0.00000000e+00 1.22108509e-05
 0.00000000e+00 8.14059520e-06 4.07028362e-06 0.00000000e+00
 0.00000000e+00 0.00000000e+00 0.00000000e+00 4.07028362e-06
 0.00000000e+00 4.07028362e-06 0.00000000e+00 4.07028362e-06
 0.00000000e+00 0.00000000e+00 4.07028362e-06 0.00000000e+00
 4.07028362e-06 0.00000000e+00 0.00000000e+00 0.00000000e+00
 0.00000000e+00 0.00000000e+00 0.00000000e+00 0.00000000e+00
 0.00000000e+00 0.00000000e+00 0.00000000e+00 0.00000000e+00
 0.00000000e+00 0.00000000e+00 4.07029061e-06 8.14058122e-06
 3.66326155e-05 4.07029061e-05 1.18038428e-04 2.11655112e-04
 3.74466736e-04 6.51245380e-04 1.24957922e-03 2.34041710e-03
 3.76501882e-03 6.08101417e-03 9.37387928e-03 1.42256657e-02
 2.21383106e-02 3.34292681e-02 4.90185098e-02 6.90646911e-02
 9.64170440e-02 1.30082418e-01 1.70268251e-01 2.19970716e-01
 2.73185695e-01 3.29799226e-01 3.90226902e-01 4.44023837e-01
 4.84083681e-01 5.11814513e-01 5.22014659e-01 5.10312576e-01
 4.85654761e-01 4.48818639e-01 4.00199114e-01 3.44203978e-01
 2.89206359e-01 2.38742793e-01 1.88910328e-01 1.45602436e-01
 1.09405341e-01 8.00625476e-02 5.64508605e-02 3.83950513e-02
 2.58911186e-02 1.70504474e-02 1.12299318e-02 6.99682956e-03
 4.71746682e-03 2.75965230e-03 1.61590537e-03 1.11118934e-03
 6.14613882e-04 4.35521095e-04 1.87233368e-04 1.18038428e-04
 7.73355216e-05 2.84920343e-05 2.03514531e-05 2.03514181e-05
 2.03514880e-05 4.07028362e-06 0.00000000e+00 4.07028362e-06]
[-3.122989   -2.7326152  -2.3422418  -1.951868   -1.5614945  -1.1711209
 -0.78074723 -0.39037362  0.          0.39037362  0.78074723  1.1711209
  1.5614945   1.951868    2.3422418   2.7326152 ]
