[-0.01534853  0.49260148 -0.37356275 ... -1.3617964  -0.1467877
  0.25764468]
[-0.         0.3592354 -0.3592354 ... -1.4369416 -0.         0.3592354]
[6.10713611e-05 9.16070416e-05 9.16070416e-05 6.10713611e-05
 9.16070416e-05 1.52678403e-04 6.10699406e-05 1.83214083e-04
 1.52678403e-04 1.52678403e-04 6.10713611e-05 1.83214083e-04
 1.52678403e-04 6.10713611e-05 6.10713611e-05 1.22142722e-04
 2.74817929e-04 2.44285444e-04 2.44285444e-04 1.52678403e-04
 1.52678403e-04 2.44285444e-04 1.22141302e-04 2.13749764e-04
 2.74821125e-04 3.05356805e-04 3.05356805e-04 3.05356805e-04
 2.74817929e-04 4.27499527e-04 7.02320652e-04 4.27499527e-04
 3.35892486e-04 4.27499527e-04 2.44285444e-04 2.44282603e-04
 3.05356805e-04 4.27499527e-04 2.44285444e-04 3.66428166e-04
 2.44285444e-04 3.35888579e-04 3.96963847e-04 1.83214083e-04
 1.52678403e-04 0.00000000e+00 1.83214083e-04 1.83211952e-04
 9.16070416e-05 9.16070416e-05 3.05356805e-05 6.10713611e-05
 9.16070416e-05 1.22142722e-04 9.16059762e-05 2.13749764e-04
 6.10713611e-05 1.22142722e-04 1.52678403e-04 9.16070416e-05
 1.52676627e-04 6.10713611e-05 1.22142722e-04 1.22142722e-04
 9.16070416e-05 9.16070416e-05 2.44285444e-04 2.13747278e-04
 1.83214083e-04 1.22142722e-04 3.05356805e-05 9.16070416e-05
 1.22142722e-04 1.52676627e-04 1.22142722e-04 1.52678403e-04
 9.16070416e-05 6.10713611e-05 1.22142722e-04 1.22142722e-04
 6.10706508e-05 6.10713611e-05 6.10713611e-05 3.05356805e-05
 9.16070416e-05 6.10713611e-05 1.22141302e-04 1.22142722e-04
 9.16070416e-05 6.10713611e-05 1.22142722e-04 9.16070416e-05
 6.10706508e-05 9.16070416e-05 6.10713611e-05 3.05356805e-05
 0.00000000e+00 0.00000000e+00 0.00000000e+00 3.05353254e-05
 6.10713611e-05 3.05356805e-05 0.00000000e+00 0.00000000e+00
 0.00000000e+00 3.05353254e-05 0.00000000e+00 0.00000000e+00
 3.05356805e-05 0.00000000e+00 0.00000000e+00 0.00000000e+00
 0.00000000e+00 0.00000000e+00 0.00000000e+00 0.00000000e+00
 0.00000000e+00 3.05356805e-05 0.00000000e+00 0.00000000e+00
 0.00000000e+00 0.00000000e+00 0.00000000e+00 0.00000000e+00
 0.00000000e+00 0.00000000e+00 0.00000000e+00 0.00000000e+00
 0.00000000e+00 0.00000000e+00 3.05356805e-05 0.00000000e+00
 0.00000000e+00 0.00000000e+00 0.00000000e+00 0.00000000e+00
 0.00000000e+00 3.05356805e-05 0.00000000e+00 0.00000000e+00
 0.00000000e+00 0.00000000e+00 0.00000000e+00 0.00000000e+00
 0.00000000e+00 0.00000000e+00 0.00000000e+00 0.00000000e+00
 0.00000000e+00 0.00000000e+00 0.00000000e+00 0.00000000e+00
 0.00000000e+00 0.00000000e+00 0.00000000e+00 0.00000000e+00
 0.00000000e+00 0.00000000e+00 0.00000000e+00 0.00000000e+00
 0.00000000e+00 0.00000000e+00 0.00000000e+00 0.00000000e+00
 0.00000000e+00 0.00000000e+00 3.05356805e-05 3.05355917e-05
 6.10711835e-05 0.00000000e+00 3.05355917e-05 6.10711835e-05
 9.16070416e-05 9.16067752e-05 2.44285444e-04 3.96962693e-04
 6.41247427e-04 9.16070416e-04 1.16035249e-03 1.67946243e-03
 2.35124056e-03 3.75587778e-03 4.88570178e-03 6.59569741e-03
 8.79426321e-03 1.37410363e-02 1.57258297e-02 2.30238696e-02
 3.12684914e-02 4.06123370e-02 5.02311214e-02 6.92242871e-02
 8.53776386e-02 1.05928122e-01 1.35730705e-01 1.73411878e-01
 2.13383025e-01 2.56896120e-01 3.02577399e-01 3.51526243e-01
 4.25605542e-01 4.80630738e-01 5.33701654e-01 5.88238281e-01
 6.34469217e-01 6.74654100e-01 6.88395131e-01 6.96578678e-01
 6.85005676e-01 6.58164862e-01 6.17063911e-01 5.64512100e-01
 5.07624231e-01 4.40537462e-01 3.86916764e-01 3.30273440e-01
 2.78668215e-01 2.26788005e-01 1.88801701e-01 1.49777295e-01
 1.22570043e-01 9.64313987e-02 7.47207016e-02 5.82009225e-02
 4.29941757e-02 3.25509881e-02 2.31154430e-02 1.77412046e-02
 1.38021075e-02 1.02904944e-02 7.35908831e-03 5.40480760e-03
 4.27498284e-03 3.66428166e-03 2.68713207e-03 1.55731518e-03
 1.61839107e-03 9.46603344e-04 4.27499527e-04 4.88569468e-04
 3.35891509e-04 2.44285444e-04 2.13749142e-04 3.05356805e-05
 6.10711835e-05 3.05355917e-05 6.10713611e-05 3.05355917e-05
 0.00000000e+00 0.00000000e+00 0.00000000e+00 0.00000000e+00
 6.10713611e-05 0.00000000e+00 0.00000000e+00 3.05355917e-05]
[-2.8738832 -2.514648  -2.1554124 -1.796177  -1.4369416 -1.0777062
 -0.7184708 -0.3592354 -0.         0.3592354  0.7184708  1.0777062
  1.4369416  1.796177   2.1554124  2.514648 ]
