[-0.02686202  0.03099382 -0.5725976  ...  0.04317325  0.19058955
  0.35235727]
[-0.         0.        -0.6906316 ...  0.         0.3453158  0.3453158]
[4.75837316e-05 0.00000000e+00 4.75837316e-05 7.13769904e-05
 2.37918658e-05 1.18961651e-04 4.75837316e-05 2.37923301e-05
 7.13755974e-05 2.37923301e-05 4.75837316e-05 1.18959329e-04
 1.42753981e-04 7.13755974e-05 2.61715631e-04 1.90334926e-04
 3.09300292e-04 2.85502389e-04 1.90338641e-04 4.75837316e-04
 4.99629181e-04 4.04469612e-04 2.61710524e-04 2.85507962e-04
 3.80669853e-04 2.61715631e-04 3.33086121e-04 1.90338641e-04
 4.04461718e-04 1.90338641e-04 3.09294255e-04 3.56877987e-04
 2.85507962e-04 3.09294255e-04 3.33092622e-04 2.14126792e-04
 1.90338641e-04 3.09294255e-04 2.85507962e-04 1.90334926e-04
 1.90334926e-04 2.37923301e-04 1.42751195e-04 2.85507962e-04
 1.18959329e-04 2.61715631e-04 7.13755974e-05 1.90338641e-04
 1.18959329e-04 2.14128882e-04 7.13762939e-05 9.51683918e-05
 9.51683918e-05 2.14128882e-04 1.42752588e-04 1.42751195e-04
 1.18960490e-04 1.42752588e-04 9.51683918e-05 4.75841959e-05
 9.51683918e-05 4.75841959e-05 9.51683918e-05 7.13762939e-05
 1.18960490e-04 9.51674631e-05 9.51683918e-05 1.18960490e-04
 4.75841959e-05 4.75841959e-05 4.75841959e-05 7.13762939e-05
 9.51683918e-05 7.13762939e-05 7.13762939e-05 0.00000000e+00
 0.00000000e+00 2.37920980e-05 2.37920980e-05 0.00000000e+00
 2.37920980e-05 4.75841959e-05 2.37920980e-05 0.00000000e+00
 2.37920980e-05 0.00000000e+00 0.00000000e+00 0.00000000e+00
 0.00000000e+00 0.00000000e+00 0.00000000e+00 0.00000000e+00
 2.37920980e-05 0.00000000e+00 2.37920980e-05 4.75837316e-05
 0.00000000e+00 2.37920980e-05 2.37920980e-05 0.00000000e+00
 2.37920980e-05 2.37920980e-05 0.00000000e+00 2.37920980e-05
 0.00000000e+00 0.00000000e+00 2.37920980e-05 2.37920980e-05
 0.00000000e+00 0.00000000e+00 0.00000000e+00 0.00000000e+00
 0.00000000e+00 0.00000000e+00 2.37920980e-05 0.00000000e+00
 2.37920980e-05 0.00000000e+00 0.00000000e+00 0.00000000e+00
 0.00000000e+00 0.00000000e+00 0.00000000e+00 0.00000000e+00
 0.00000000e+00 0.00000000e+00 0.00000000e+00 0.00000000e+00
 0.00000000e+00 0.00000000e+00 0.00000000e+00 0.00000000e+00
 0.00000000e+00 2.37919819e-05 0.00000000e+00 0.00000000e+00
 2.37920980e-05 0.00000000e+00 0.00000000e+00 2.37920980e-05
 0.00000000e+00 0.00000000e+00 0.00000000e+00 0.00000000e+00
 0.00000000e+00 0.00000000e+00 0.00000000e+00 2.37920980e-05
 0.00000000e+00 0.00000000e+00 0.00000000e+00 0.00000000e+00
 0.00000000e+00 0.00000000e+00 0.00000000e+00 0.00000000e+00
 0.00000000e+00 0.00000000e+00 0.00000000e+00 0.00000000e+00
 0.00000000e+00 0.00000000e+00 0.00000000e+00 0.00000000e+00
 0.00000000e+00 0.00000000e+00 0.00000000e+00 0.00000000e+00
 0.00000000e+00 0.00000000e+00 0.00000000e+00 0.00000000e+00
 0.00000000e+00 0.00000000e+00 0.00000000e+00 0.00000000e+00
 0.00000000e+00 0.00000000e+00 0.00000000e+00 0.00000000e+00
 0.00000000e+00 4.75840798e-05 4.75841959e-05 9.51683918e-05
 1.18960200e-04 1.18960490e-04 3.56880599e-04 4.99634057e-04
 8.56515526e-04 1.30856220e-03 1.97474413e-03 2.30783350e-03
 3.49742987e-03 6.09076965e-03 9.49304708e-03 1.18008662e-02
 1.87957345e-02 2.46485834e-02 3.54977669e-02 4.90593060e-02
 6.68081296e-02 8.86492489e-02 1.16509762e-01 1.55624018e-01
 1.98830320e-01 2.50839936e-01 3.17743081e-01 3.79745212e-01
 4.52097170e-01 5.22164696e-01 5.85023272e-01 6.36509317e-01
 6.83284636e-01 6.86163477e-01 6.79311256e-01 6.56875432e-01
 6.10409414e-01 5.48454940e-01 4.85263186e-01 4.11674169e-01
 3.46198606e-01 2.78557543e-01 2.24644852e-01 1.75085942e-01
 1.31855646e-01 1.00212194e-01 7.22803054e-02 5.69582130e-02
 3.81625251e-02 2.80032651e-02 2.12225255e-02 1.35376872e-02
 9.20753068e-03 6.35249015e-03 4.61565574e-03 3.33089371e-03
 2.52196238e-03 1.61785871e-03 1.18960490e-03 8.80305477e-04
 1.07064441e-03 8.08931331e-04 4.52048758e-04 3.33089371e-04
 2.85504479e-04 3.09297273e-04 1.42752588e-04 2.14128359e-04
 9.51683918e-05 7.13761197e-05 7.13762939e-05 7.13762939e-05
 9.51681597e-05 7.13762939e-05 2.37920399e-05 2.37920980e-05]
[-2.7625265 -2.4172106 -2.071895  -1.7265791 -1.3812633 -1.0359474
 -0.6906316 -0.3453158 -0.         0.3453158  0.6906316  1.0359474
  1.3812633  1.7265791  2.071895   2.4172106]
