[ 0.61797047 -0.2871825   0.18462005 ... -1.5370227  -0.28070274
 -0.30729195]
[ 0.78099525 -0.39049762  0.         ... -1.5619905  -0.39049762
 -0.39049762]
[1.08752004e-05 3.62506682e-06 3.62506682e-06 0.00000000e+00
 3.62506682e-06 3.62506682e-06 3.62506682e-06 0.00000000e+00
 3.62506682e-06 1.08752004e-05 3.62511794e-06 2.17504009e-05
 2.90005345e-05 2.17504009e-05 4.71258686e-05 4.35008018e-05
 3.26256013e-05 9.78768040e-05 7.25023589e-05 7.61264031e-05
 8.33765368e-05 1.59502940e-04 1.30502405e-04 1.52252806e-04
 1.92128541e-04 1.63130307e-04 1.81253341e-04 1.52252806e-04
 1.77628274e-04 1.70378140e-04 2.42879477e-04 2.42879477e-04
 3.04509907e-04 2.53754677e-04 2.32004276e-04 2.42879477e-04
 2.17504009e-04 2.86380278e-04 2.82755212e-04 2.53758256e-04
 2.50129610e-04 2.21129076e-04 2.28379209e-04 2.10253875e-04
 3.19005880e-04 2.28379209e-04 2.42882902e-04 1.74003207e-04
 1.77628274e-04 1.52252806e-04 1.59502940e-04 1.63128007e-04
 1.66753074e-04 1.66753074e-04 1.16003774e-04 1.41377606e-04
 1.26877339e-04 1.48627739e-04 9.78768040e-05 1.16002138e-04
 1.01501871e-04 1.55880072e-04 9.78768040e-05 9.06266704e-05
 7.61264031e-05 5.43760022e-05 7.61264031e-05 3.98757350e-05
 8.33777127e-05 2.53754677e-05 3.98757350e-05 6.52512027e-05
 2.90005345e-05 5.07509354e-05 3.26256013e-05 3.26260615e-05
 2.17504009e-05 3.98757350e-05 1.45002673e-05 2.17504009e-05
 2.53754677e-05 1.45002673e-05 3.98762974e-05 1.81253341e-05
 7.25013363e-06 1.81253341e-05 1.81253341e-05 3.62506682e-06
 7.25013363e-06 1.45002673e-05 7.25023589e-06 3.62506682e-06
 3.62506682e-06 2.17504009e-05 0.00000000e+00 1.08752004e-05
 3.62506682e-06 3.62511794e-06 3.62506682e-06 3.62506682e-06
 3.62506682e-06 0.00000000e+00 3.62506682e-06 0.00000000e+00
 0.00000000e+00 7.25013363e-06 0.00000000e+00 0.00000000e+00
 0.00000000e+00 0.00000000e+00 0.00000000e+00 0.00000000e+00
 7.25013363e-06 0.00000000e+00 0.00000000e+00 0.00000000e+00
 3.62506682e-06 3.62509238e-06 0.00000000e+00 0.00000000e+00
 0.00000000e+00 0.00000000e+00 0.00000000e+00 0.00000000e+00
 0.00000000e+00 0.00000000e+00 0.00000000e+00 0.00000000e+00
 3.62506682e-06 0.00000000e+00 0.00000000e+00 0.00000000e+00
 0.00000000e+00 0.00000000e+00 0.00000000e+00 0.00000000e+00
 0.00000000e+00 0.00000000e+00 0.00000000e+00 0.00000000e+00
 0.00000000e+00 0.00000000e+00 0.00000000e+00 0.00000000e+00
 0.00000000e+00 0.00000000e+00 0.00000000e+00 0.00000000e+00
 0.00000000e+00 0.00000000e+00 0.00000000e+00 0.00000000e+00
 0.00000000e+00 0.00000000e+00 0.00000000e+00 0.00000000e+00
 0.00000000e+00 0.00000000e+00 0.00000000e+00 0.00000000e+00
 0.00000000e+00 0.00000000e+00 0.00000000e+00 0.00000000e+00
 0.00000000e+00 0.00000000e+00 0.00000000e+00 0.00000000e+00
 0.00000000e+00 0.00000000e+00 0.00000000e+00 0.00000000e+00
 0.00000000e+00 0.00000000e+00 0.00000000e+00 0.00000000e+00
 0.00000000e+00 0.00000000e+00 0.00000000e+00 0.00000000e+00
 0.00000000e+00 0.00000000e+00 0.00000000e+00 0.00000000e+00
 0.00000000e+00 0.00000000e+00 0.00000000e+00 0.00000000e+00
 0.00000000e+00 0.00000000e+00 0.00000000e+00 0.00000000e+00
 0.00000000e+00 0.00000000e+00 0.00000000e+00 0.00000000e+00
 0.00000000e+00 0.00000000e+00 0.00000000e+00 0.00000000e+00
 0.00000000e+00 0.00000000e+00 0.00000000e+00 7.25014641e-06
 3.62507321e-06 5.07511144e-05 9.42519034e-05 2.06629173e-04
 4.42258931e-04 8.62767423e-04 1.81616168e-03 3.44381955e-03
 6.30400786e-03 1.14189806e-02 1.92745142e-02 3.15888879e-02
 4.98157560e-02 7.57133457e-02 1.09005951e-01 1.55628018e-01
 2.11559366e-01 2.76455333e-01 3.49573214e-01 4.30209188e-01
 4.97360154e-01 5.54621823e-01 5.89799476e-01 6.02280671e-01
 5.89353657e-01 5.53570490e-01 4.95859373e-01 4.23307235e-01
 3.49710812e-01 2.77847361e-01 2.15108219e-01 1.59405485e-01
 1.15581834e-01 7.92078496e-02 5.43833482e-02 3.55220924e-02
 2.26168517e-02 1.43480398e-02 8.80168550e-03 5.32885761e-03
 3.19368950e-03 1.78353602e-03 1.07664674e-03 5.43760981e-04
 3.58882247e-04 2.21129466e-04 6.88763909e-05 5.07511144e-05
 1.45002928e-05 1.45002928e-05 7.25014641e-06 3.62507321e-06]
[-3.123981   -2.7334833  -2.3429856  -1.9524882  -1.5619905  -1.1714928
 -0.78099525 -0.39049762  0.          0.39049762  0.78099525  1.1714928
  1.5619905   1.9524882   2.3429856   2.7334833 ]
