[-0.02356756 -0.6570926  -1.3265928  ... -0.87559414 -0.47128612
  0.11582188]
[-0.         -0.78123564 -1.1718534  ... -0.78123564 -0.39061782
  0.        ]
[1.29117095e-05 0.00000000e+00 6.45575513e-06 3.22792738e-06
 6.45585476e-06 3.22792738e-06 3.22792738e-06 6.45575513e-06
 9.68378215e-06 3.22792738e-06 9.68378215e-06 0.00000000e+00
 1.29115103e-05 1.61396369e-05 2.25954917e-05 6.45585476e-06
 1.29115103e-05 3.22792738e-06 9.68378215e-06 2.58234191e-05
 3.55072012e-05 4.84181635e-05 2.58234191e-05 2.25954917e-05
 5.48747655e-05 6.45585476e-05 3.22787756e-05 1.61396369e-05
 5.81026929e-05 3.87351286e-05 3.87351286e-05 6.45575513e-05
 6.77864750e-05 6.45585476e-05 6.77864750e-05 6.13306203e-05
 6.45575513e-05 8.71540393e-05 6.45585476e-05 1.06521604e-04
 6.45585476e-05 7.42411840e-05 1.00065749e-04 1.12977458e-04
 9.36098941e-05 8.39261119e-05 9.68363269e-05 9.68378215e-05
 1.00065749e-04 9.36098941e-05 1.25887225e-04 1.09749531e-04
 8.06981846e-05 1.32345023e-04 1.19433313e-04 7.74690616e-05
 1.12977458e-04 1.25889168e-04 1.09749531e-04 9.68378215e-05
 8.71526942e-05 1.38800877e-04 1.19433313e-04 9.03819667e-05
 1.00065749e-04 7.10133064e-05 9.03819667e-05 8.06981846e-05
 8.39261119e-05 8.39261119e-05 7.42411840e-05 1.00065749e-04
 1.00065749e-04 7.10144024e-05 8.39261119e-05 9.36084494e-05
 1.09749531e-04 8.71540393e-05 7.10144024e-05 6.13306203e-05
 1.19431470e-04 7.42423298e-05 1.19433313e-04 9.36098941e-05
 8.06969391e-05 1.03293676e-04 1.16205386e-04 8.06981846e-05
 7.10138544e-05 1.00065749e-04 1.00064977e-04 1.09749531e-04
 9.68378215e-05 1.06520782e-04 5.16468381e-05 8.06975618e-05
 8.71540393e-05 9.36098941e-05 6.77859519e-05 8.39261119e-05
 8.71533668e-05 5.81026929e-05 7.74702572e-05 1.00064977e-04
 8.39261119e-05 4.51906346e-05 7.42423298e-05 6.77859519e-05
 7.10144024e-05 9.68378215e-05 4.19627322e-05 4.84189107e-05
 5.48743420e-05 6.77864750e-05 8.06981846e-05 6.45580495e-05
 7.10144024e-05 4.84185371e-05 7.10144024e-05 5.81026929e-05
 7.42417569e-05 5.16468381e-05 4.84185371e-05 5.48747655e-05
 5.16464396e-05 7.42423298e-05 4.84189107e-05 3.55069272e-05
 2.90513464e-05 5.48743420e-05 3.87351286e-05 6.45585476e-05
 3.22790247e-05 5.81026929e-05 4.51906346e-05 5.48747655e-05
 5.16468381e-05 4.51906346e-05 6.77864750e-05 4.51906346e-05
 3.22792738e-05 2.90511223e-05 3.22792738e-05 2.25954917e-05
 5.48743420e-05 4.84189107e-05 5.81022445e-05 1.29117095e-05
 2.90513464e-05 2.25953173e-05 2.58234191e-05 2.58232198e-05
 3.87351286e-05 2.25954045e-05 2.25954045e-05 2.58233194e-05
 2.25954917e-05 1.61395746e-05 5.16466388e-05 4.19628941e-05
 2.90512343e-05 3.22791493e-06 3.22792738e-05 2.25954045e-05
 3.22791493e-05 2.25954045e-05 2.58233194e-05 6.45585476e-06
 1.93674896e-05 2.25954045e-05 1.29116597e-05 1.61395746e-05
 9.68374478e-06 9.68378215e-06 1.61395746e-05 9.68374478e-06
 9.68374478e-06 2.25954045e-05 1.93674896e-05 1.93675643e-05
 2.25954045e-05 1.29116597e-05 1.61395746e-05 3.22791493e-05
 3.22792115e-05 4.19628941e-05 6.77863443e-05 7.10141284e-05
 1.42028257e-04 2.45322008e-04 3.48614812e-04 5.61658281e-04
 9.84514053e-04 1.33635678e-03 2.23694936e-03 3.52165519e-03
 5.10978933e-03 7.95036980e-03 1.13073860e-02 1.70207954e-02
 2.37833001e-02 3.30603366e-02 4.60010600e-02 6.22503394e-02
 8.32673738e-02 1.07793095e-01 1.38622940e-01 1.74433295e-01
 2.16151076e-01 2.57390833e-01 3.01900719e-01 3.50961676e-01
 3.96527040e-01 4.35491230e-01 4.68464348e-01 4.87373544e-01
 4.95230265e-01 4.86479381e-01 4.73277229e-01 4.46701786e-01
 4.11294762e-01 3.71772053e-01 3.25093310e-01 2.85205789e-01
 2.42390705e-01 2.04252970e-01 1.67351411e-01 1.35243180e-01
 1.06327620e-01 8.22989984e-02 6.10301875e-02 4.53716160e-02
 3.26503910e-02 2.33733320e-02 1.59588422e-02 1.11363065e-02
 7.63079089e-03 5.30024654e-03 3.63463221e-03 2.46935492e-03
 1.67529108e-03 1.15559354e-03 6.84317965e-04 5.97165414e-04
 4.13173111e-04 2.58233194e-04 1.51712294e-04 1.00065363e-04
 9.03817923e-05 4.84187239e-05 5.81024687e-05 2.25954045e-05
 1.93674896e-05 3.22792738e-06 3.22791493e-06 3.22791493e-06]
[-3.1249425  -2.7343247  -2.3437068  -1.9530891  -1.5624713  -1.1718534
 -0.78123564 -0.39061782 -0.          0.39061782  0.78123564  1.1718534
  1.5624713   1.9530891   2.3437068   2.7343247 ]
