[ 1.2204313  -0.11558847 -0.6046756  ...  0.2444908  -0.8812789
  0.8280029 ]
[ 1.3959645 -0.        -0.4653215 ...  0.4653215 -0.930643   0.930643 ]
[3.98634428e-04 0.00000000e+00 0.00000000e+00 0.00000000e+00
 0.00000000e+00 0.00000000e+00 0.00000000e+00 0.00000000e+00
 0.00000000e+00 0.00000000e+00 0.00000000e+00 0.00000000e+00
 3.32195357e-04 0.00000000e+00 5.31512571e-05 0.00000000e+00
 3.98634428e-04 0.00000000e+00 2.65756285e-05 0.00000000e+00
 0.00000000e+00 0.00000000e+00 2.65756285e-05 2.65759430e-05
 3.98634428e-05 6.64398576e-05 1.46165957e-04 7.97278291e-05
 2.65756285e-05 1.46167687e-04 7.97268856e-05 0.00000000e+00
 0.00000000e+00 0.00000000e+00 0.00000000e+00 0.00000000e+00
 0.00000000e+00 0.00000000e+00 0.00000000e+00 1.32879715e-05
 0.00000000e+00 0.00000000e+00 0.00000000e+00 0.00000000e+00
 0.00000000e+00 0.00000000e+00 0.00000000e+00 0.00000000e+00
 0.00000000e+00 3.85351174e-04 6.64390713e-05 2.65759430e-05
 1.32878929e-05 0.00000000e+00 1.32878929e-05 2.65757858e-05
 4.51788358e-04 4.11924680e-04 2.65757858e-05 3.98636787e-05
 1.06303143e-04 2.12606286e-04 1.06303143e-04 1.59454715e-04
 1.72741585e-04 1.86030500e-04 1.72742608e-04 6.77682537e-04
 3.18909429e-04 1.78057765e-03 6.24530966e-04 6.90970430e-04
 8.10561466e-04 6.90970430e-04 1.15604668e-03 1.02316775e-03
 1.31550140e-03 1.96660815e-03 1.67427450e-03 3.18909429e-03
 3.05621537e-03 2.24565390e-03 2.72401804e-03 3.65417055e-03
 5.03611141e-03 5.47461187e-03 6.09914284e-03 7.90629627e-03
 6.60408277e-03 7.09573480e-03 9.06234295e-03 1.11751179e-02
 1.12149816e-02 1.09757995e-02 1.24507556e-02 1.37131055e-02
 1.56531378e-02 2.06360977e-02 2.22705085e-02 2.72401804e-02
 2.95256980e-02 3.48009915e-02 3.19573824e-02 3.47744157e-02
 3.56647045e-02 3.90664051e-02 4.15113774e-02 4.11127406e-02
 4.39164860e-02 4.93778100e-02 5.38691178e-02 6.90306036e-02
 1.13013529e-01 1.45475851e-01 1.35350477e-01 1.30925609e-01
 1.31018624e-01 1.08482358e-01 1.08336191e-01 1.06914386e-01
 9.99913940e-02 9.28159319e-02 9.25501740e-02 1.17425109e-01
 1.71187924e-01 2.33667597e-01 2.96040966e-01 4.40360770e-01
 4.69913044e-01 3.15707047e-01 2.39235224e-01 2.21376296e-01
 2.12765741e-01 1.74881958e-01 1.25703467e-01 1.24427829e-01
 2.03889429e-01 3.33712142e-01 3.47903354e-01 2.53160935e-01
 2.65027024e-01 6.26577301e-01 1.02694151e+00 7.87374093e-01
 3.46681126e-01 1.95863541e-01 1.51707873e-01 1.35682674e-01
 1.68742921e-01 2.81756455e-01 4.26076286e-01 2.91517767e+00
 3.36569039e-01 3.41392544e-01 3.82266103e-01 5.16540069e-01
 9.31335125e-01 8.33230612e-01 3.27307378e-01 9.79051948e-02
 6.08585494e-02 9.13276878e-02 2.37893146e-01 5.18825778e-01
 6.42243727e-01 5.68788255e-01 4.73965852e-01 3.37485904e-01
 2.00155531e-01 1.50990327e-01 2.29415471e-01 3.17886262e-01
 2.33335399e-01 1.30726290e-01 1.79758615e-01 3.04398600e-01
 4.01573411e-01 3.92232022e-01 2.99323075e-01 1.75280595e-01
 1.00177425e-01 6.17621262e-02 4.97631589e-02 5.40019967e-02
 7.97805089e-02 1.00655789e-01 1.11897346e-01 1.24760026e-01
 1.19099384e-01 1.03592413e-01 8.35409826e-02 5.80415162e-02
 3.84684499e-02 2.71073015e-02 2.21243417e-02 2.03969156e-02
 2.01311577e-02 2.47686324e-02 3.11866846e-02 2.89410307e-02
 2.71470849e-02 2.14599470e-02 1.73008365e-02 1.33543324e-02
 1.25171951e-02 1.07897690e-02 9.58057078e-03 9.72673760e-03
 9.11549452e-03 8.84973667e-03 6.27188545e-03 6.28517334e-03
 8.80987299e-03 5.79352130e-03 4.67733830e-03 6.65723434e-03
 6.44462805e-03 5.35502084e-03 3.49471583e-03 3.44156426e-03
 2.11277497e-03 3.99965576e-03 2.75059383e-03 3.49471583e-03
 2.61771490e-03 3.10936694e-03 2.48483597e-03 2.01975972e-03
 1.62112293e-03 5.71379394e-04 2.49812386e-03 2.64429069e-03
 1.76728975e-03 2.00647183e-03 1.22248615e-03 4.65076251e-04
 1.74071397e-03 4.65076251e-04 1.72742608e-03 5.31515716e-04
 9.96591967e-04 1.35536507e-03 9.03576717e-04 2.25894179e-04
 1.32878929e-04 1.32878929e-05 1.99318393e-04 1.32878929e-05
 3.98636787e-04 1.86030500e-04 0.00000000e+00 4.51785685e-04
 0.00000000e+00 0.00000000e+00 1.19591744e-04 5.84663828e-04]
[-3.722572  -3.2572505 -2.791929  -2.3266075 -1.861286  -1.3959645
 -0.930643  -0.4653215 -0.         0.4653215  0.930643   1.3959645
  1.861286   2.3266075  2.791929   3.2572505]
