[ 0.07631847  0.281956   -0.19694622 ... -1.0272918  -0.10202964
 -0.46691903]
[ 0.          0.33902347 -0.33902347 ... -1.0170704  -0.
 -0.33902347]
[4.51075823e-06 3.15753076e-05 6.76613734e-05 8.57044063e-05
 7.66812361e-05 9.47259228e-05 9.47259228e-05 1.30811989e-04
 1.08258197e-04 1.44344263e-04 1.84941087e-04 3.60860658e-04
 3.87925208e-04 4.55576756e-04 4.51075823e-04 5.50312504e-04
 5.95420086e-04 6.26995394e-04 6.17973877e-04 6.04441603e-04
 4.78140372e-04 5.99930844e-04 5.86385923e-04 5.00694163e-04
 3.92435966e-04 3.92435966e-04 3.02220801e-04 2.52602461e-04
 3.38306867e-04 2.16516395e-04 2.34559428e-04 2.12005637e-04
 1.89447760e-04 1.98475502e-04 1.62385545e-04 2.21027153e-04
 1.75919571e-04 1.21790472e-04 1.35322747e-04 1.57874836e-04
 1.48855022e-04 8.11936481e-05 1.48855022e-04 1.21789159e-04
 9.92366810e-05 1.03747439e-04 1.39833505e-04 1.17279714e-04
 8.11927726e-05 1.21790472e-04 9.47259228e-05 1.30811989e-04
 9.47249013e-05 9.47259228e-05 1.03747439e-04 6.76613734e-05
 6.31506152e-05 9.47249013e-05 8.57044063e-05 9.47259228e-05
 8.57044063e-05 6.76606438e-05 5.41290987e-05 4.51075823e-05
 5.86398570e-05 5.41290987e-05 2.25535479e-05 4.05968241e-05
 6.31506152e-05 3.60860658e-05 4.05968241e-05 4.51070959e-05
 1.80430329e-05 2.25537911e-05 2.25537911e-05 4.05963863e-05
 2.70645494e-05 3.60860658e-05 9.02151646e-06 9.02151646e-06
 2.25535479e-05 1.35322747e-05 9.02151646e-06 1.35322747e-05
 9.02141917e-06 1.80430329e-05 1.35322747e-05 0.00000000e+00
 1.80430329e-05 1.35321288e-05 9.02151646e-06 9.02151646e-06
 9.02151646e-06 9.02151646e-06 0.00000000e+00 1.80430329e-05
 4.51075823e-06 0.00000000e+00 0.00000000e+00 0.00000000e+00
 0.00000000e+00 9.02151646e-06 4.51075823e-06 1.35321288e-05
 0.00000000e+00 0.00000000e+00 9.02151646e-06 4.51070959e-06
 0.00000000e+00 9.02151646e-06 0.00000000e+00 0.00000000e+00
 0.00000000e+00 4.51075823e-06 4.51075823e-06 0.00000000e+00
 0.00000000e+00 0.00000000e+00 0.00000000e+00 0.00000000e+00
 0.00000000e+00 0.00000000e+00 0.00000000e+00 4.51075823e-06
 0.00000000e+00 0.00000000e+00 0.00000000e+00 0.00000000e+00
 0.00000000e+00 0.00000000e+00 0.00000000e+00 4.51075823e-06
 0.00000000e+00 0.00000000e+00 0.00000000e+00 0.00000000e+00
 1.35322017e-05 0.00000000e+00 0.00000000e+00 0.00000000e+00
 0.00000000e+00 0.00000000e+00 0.00000000e+00 0.00000000e+00
 0.00000000e+00 0.00000000e+00 4.51075823e-06 0.00000000e+00
 0.00000000e+00 0.00000000e+00 0.00000000e+00 0.00000000e+00
 0.00000000e+00 0.00000000e+00 0.00000000e+00 0.00000000e+00
 4.51075823e-06 0.00000000e+00 4.51075823e-06 0.00000000e+00
 4.51075823e-06 0.00000000e+00 0.00000000e+00 0.00000000e+00
 0.00000000e+00 0.00000000e+00 4.51073391e-06 0.00000000e+00
 0.00000000e+00 0.00000000e+00 4.51074607e-06 0.00000000e+00
 0.00000000e+00 0.00000000e+00 0.00000000e+00 9.02149214e-06
 4.51074607e-06 4.51074607e-06 2.70644764e-05 3.15752225e-05
 5.41289528e-05 9.92364135e-05 1.21790472e-04 2.12005065e-04
 2.48091034e-04 2.84177002e-04 4.05967146e-04 6.81122656e-04
 1.08708980e-03 1.58778262e-03 2.20125002e-03 3.13045777e-03
 4.40248816e-03 6.19325435e-03 8.59748201e-03 1.23008211e-02
 1.75919097e-02 2.45023726e-02 3.43763958e-02 4.61630375e-02
 6.33128318e-02 8.43509515e-02 1.13494958e-01 1.48484739e-01
 1.94918490e-01 2.48230867e-01 3.10023786e-01 3.85249289e-01
 4.59162684e-01 5.37938225e-01 6.15680960e-01 6.79922912e-01
 7.31160670e-01 7.58834045e-01 7.67954777e-01 7.44174178e-01
 7.03045119e-01 6.41071958e-01 5.69003744e-01 4.91698386e-01
 4.10771368e-01 3.37660918e-01 2.72778531e-01 2.13859126e-01
 1.64660274e-01 1.26152035e-01 9.46761768e-02 6.97000482e-02
 5.11744141e-02 3.79263529e-02 2.75110774e-02 1.98202182e-02
 1.43577047e-02 1.03250978e-02 7.55550985e-03 5.74217975e-03
 4.00554791e-03 3.07632882e-03 2.25086229e-03 1.58327187e-03
 1.47501396e-03 1.01491787e-03 6.85633402e-04 4.37542369e-04
 4.42054306e-04 2.79666256e-04 1.75919097e-04 1.35322382e-04
 1.12768652e-04 8.57041753e-05 3.60859685e-05 2.70644764e-05
 4.96183405e-05 9.02149214e-06 4.51074607e-06 9.02149214e-06]
[-2.7121878  -2.3731642  -2.0341408  -1.6951174  -1.3560939  -1.0170704
 -0.67804694 -0.33902347  0.          0.33902347  0.67804694  1.0170704
  1.3560939   1.6951174   2.0341408   2.3731642 ]
