[ 0.70872146 -0.12399322  0.40828073 ... -0.74170786 -0.07816175
  0.4723486 ]
[ 0.74975467 -0.          0.37487733 ... -0.74975467 -0.
  0.37487733]
[4.10396419e-06 1.23118926e-05 8.20792837e-06 4.10396419e-06
 1.64158567e-05 1.23118926e-05 2.05198209e-05 2.87272961e-05
 1.64158567e-05 6.15594628e-05 4.51436060e-05 4.92475702e-05
 9.43911763e-05 6.97673912e-05 1.06703069e-04 1.55950639e-04
 1.27222890e-04 1.80574424e-04 1.39534782e-04 2.21614066e-04
 1.55950639e-04 2.01094245e-04 2.25714470e-04 1.92886317e-04
 2.05198209e-04 1.76470460e-04 2.01094245e-04 2.25718030e-04
 1.64158567e-04 1.92886317e-04 1.76470460e-04 2.01094245e-04
 1.64158567e-04 2.05198209e-04 1.64158567e-04 1.64158567e-04
 1.88782353e-04 2.42133887e-04 1.23116983e-04 1.72366496e-04
 2.01094245e-04 1.80574424e-04 1.92886317e-04 1.68262532e-04
 2.05198209e-04 1.76470460e-04 1.31326854e-04 2.09302173e-04
 1.76470460e-04 2.46237851e-04 1.88782353e-04 2.17510102e-04
 1.23118926e-04 1.84675475e-04 1.19014961e-04 1.47742711e-04
 1.14910997e-04 1.27222890e-04 1.19014961e-04 1.14910997e-04
 1.39534782e-04 1.02599105e-04 1.14910997e-04 1.06703069e-04
 9.02872121e-05 9.02872121e-05 1.02599105e-04 7.38713553e-05
 6.56623912e-05 8.20792837e-05 7.79753195e-05 6.56634270e-05
 6.97673912e-05 9.02872121e-05 5.33515344e-05 4.10396419e-05
 5.74554986e-05 5.74554986e-05 4.92475702e-05 5.74554986e-05
 3.28317135e-05 3.69356777e-05 3.69356777e-05 2.87277493e-05
 2.87272961e-05 4.10396419e-05 3.28317135e-05 2.05198209e-05
 2.05198209e-05 1.23118926e-05 2.05198209e-05 2.46237851e-05
 4.51436060e-05 1.23118926e-05 1.64158567e-05 1.23117955e-05
 3.69356777e-05 1.64158567e-05 4.10396419e-06 1.64158567e-05
 2.05198209e-05 4.10396419e-06 8.20792837e-06 4.10393182e-06
 0.00000000e+00 2.46237851e-05 4.10396419e-06 2.05198209e-05
 1.23118926e-05 4.10396419e-06 8.20786363e-06 1.23118926e-05
 4.10396419e-06 8.20792837e-06 4.10396419e-06 1.23118926e-05
 8.20792837e-06 8.20792837e-06 4.10393182e-06 1.23118926e-05
 8.20792837e-06 0.00000000e+00 0.00000000e+00 4.10396419e-06
 0.00000000e+00 8.20792837e-06 0.00000000e+00 0.00000000e+00
 0.00000000e+00 0.00000000e+00 0.00000000e+00 0.00000000e+00
 0.00000000e+00 0.00000000e+00 0.00000000e+00 8.20792837e-06
 0.00000000e+00 4.10396419e-06 0.00000000e+00 0.00000000e+00
 4.10396419e-06 0.00000000e+00 0.00000000e+00 0.00000000e+00
 0.00000000e+00 0.00000000e+00 0.00000000e+00 0.00000000e+00
 0.00000000e+00 0.00000000e+00 0.00000000e+00 0.00000000e+00
 0.00000000e+00 0.00000000e+00 0.00000000e+00 0.00000000e+00
 0.00000000e+00 0.00000000e+00 0.00000000e+00 0.00000000e+00
 0.00000000e+00 0.00000000e+00 0.00000000e+00 0.00000000e+00
 0.00000000e+00 0.00000000e+00 0.00000000e+00 0.00000000e+00
 0.00000000e+00 0.00000000e+00 0.00000000e+00 0.00000000e+00
 0.00000000e+00 0.00000000e+00 0.00000000e+00 0.00000000e+00
 0.00000000e+00 0.00000000e+00 0.00000000e+00 0.00000000e+00
 0.00000000e+00 0.00000000e+00 0.00000000e+00 0.00000000e+00
 0.00000000e+00 0.00000000e+00 0.00000000e+00 0.00000000e+00
 8.20791219e-06 0.00000000e+00 4.10395609e-06 2.05198209e-05
 2.05197805e-05 4.10395609e-05 6.15594628e-05 1.39534507e-04
 2.46237851e-04 5.17098468e-04 8.20792837e-04 1.29274617e-03
 2.20382877e-03 3.70587235e-03 6.02872339e-03 9.22158934e-03
 1.46757615e-02 2.07619343e-02 3.10916020e-02 4.73720119e-02
 6.55689712e-02 9.11653705e-02 1.25839730e-01 1.69066742e-01
 2.18568709e-01 2.79537141e-01 3.42237444e-01 4.12279732e-01
 4.73486076e-01 5.35542174e-01 5.74328702e-01 6.00117950e-01
 6.02773212e-01 5.79684370e-01 5.48670675e-01 4.93460167e-01
 4.35959582e-01 3.70439858e-01 3.02872258e-01 2.44596024e-01
 1.90932547e-01 1.41672808e-01 1.03842503e-01 7.41872874e-02
 5.09096255e-02 3.44814731e-02 2.25430530e-02 1.42940932e-02
 8.83993014e-03 5.45005369e-03 3.24213171e-03 1.92885936e-03
 1.14090204e-03 6.36113194e-04 4.43228132e-04 2.95484839e-04
 1.68262532e-04 5.74553853e-05 7.38713553e-05 2.87276927e-05
 1.64158567e-05 8.20791219e-06 1.64158567e-05 0.00000000e+00
 0.00000000e+00 8.20792837e-06 0.00000000e+00 1.64158567e-05]
[-2.9990187  -2.6241412  -2.249264   -1.8743867  -1.4995093  -1.124632
 -0.74975467 -0.37487733  0.          0.37487733  0.74975467  1.124632
  1.4995093   1.8743867   2.249264    2.6241412 ]
