[ 0.1418455  -0.40064374 -0.47159004 ... -0.7842708  -0.4421432
 -0.22559157]
[ 0.         -0.36799324 -0.36799324 ... -0.7359865  -0.36799324
 -0.36799324]
[5.32467674e-06 0.00000000e+00 5.32467674e-06 1.06495688e-05
 5.32467674e-06 5.32478439e-06 1.06493535e-05 3.19487064e-05
 1.59740302e-05 4.25982751e-05 2.66233837e-05 3.19487064e-05
 4.79220907e-05 5.32478439e-05 6.38961209e-05 5.85726283e-05
 5.32467674e-05 9.05213347e-05 9.05195046e-05 9.58461191e-05
 1.38441595e-04 9.58461191e-05 1.54415625e-04 1.01170903e-04
 1.75714332e-04 5.85726283e-05 1.17142888e-04 1.86367454e-04
 1.65064979e-04 6.92221971e-05 1.75714332e-04 1.43769179e-04
 1.81039009e-04 1.27793534e-04 1.54417186e-04 1.59741917e-04
 1.65066648e-04 1.91690300e-04 1.91690300e-04 1.54417186e-04
 1.27793534e-04 1.70391378e-04 2.07664492e-04 1.81040839e-04
 2.71561259e-04 1.54417186e-04 1.06494611e-04 1.33118264e-04
 1.49092456e-04 1.33118264e-04 1.38442995e-04 1.54417186e-04
 1.75716109e-04 1.54417186e-04 1.91690300e-04 1.27793534e-04
 1.97015031e-04 1.43767725e-04 1.75716109e-04 1.91690300e-04
 1.91690300e-04 1.75716109e-04 1.38442995e-04 1.70391378e-04
 1.54417186e-04 1.17144072e-04 1.54417186e-04 1.27793534e-04
 1.06494611e-04 1.06493535e-04 1.49092456e-04 1.27793534e-04
 1.33118264e-04 1.86365570e-04 1.33118264e-04 1.59741917e-04
 1.17144072e-04 1.33118264e-04 1.22468803e-04 1.17144072e-04
 1.17144072e-04 1.49092456e-04 1.17144072e-04 1.01169881e-04
 1.70391378e-04 1.43767725e-04 9.05204196e-05 1.06494611e-04
 1.01169881e-04 8.51956890e-05 1.17144072e-04 1.27793534e-04
 1.06494611e-04 7.45462279e-05 1.06494611e-04 1.06494611e-04
 6.92214974e-05 1.06494611e-04 5.85720362e-05 9.05204196e-05
 4.25978445e-05 6.92214974e-05 1.06494611e-04 1.27793534e-04
 5.85720362e-05 3.72731140e-05 9.05204196e-05 4.25978445e-05
 4.79225751e-05 4.79225751e-05 4.25978445e-05 6.92214974e-05
 6.38967668e-05 4.25978445e-05 2.66236528e-05 9.58451502e-05
 4.79220907e-05 3.72733024e-05 3.72731140e-05 5.85720362e-05
 4.25978445e-05 2.66236528e-05 1.59741917e-05 3.72731140e-05
 4.25978445e-05 1.06494611e-05 2.12989223e-05 2.66235183e-05
 5.32473057e-06 2.66236528e-05 2.12989223e-05 0.00000000e+00
 2.66236528e-05 5.32473057e-06 1.06494611e-05 2.12989223e-05
 1.06494611e-05 2.66236528e-05 1.59741917e-05 1.59741917e-05
 1.06494611e-05 2.66236528e-05 0.00000000e+00 5.32473057e-06
 2.66236528e-05 0.00000000e+00 2.12989223e-05 1.59741917e-05
 1.59741917e-05 1.06494611e-05 1.59741917e-05 1.59741110e-05
 5.32473057e-06 5.32473057e-06 1.59741917e-05 0.00000000e+00
 5.32473057e-06 1.06494611e-05 0.00000000e+00 1.06494611e-05
 3.19483834e-05 2.12989223e-05 3.72731140e-05 5.85720362e-05
 7.45462279e-05 1.06494611e-04 1.70391378e-04 2.34288145e-04
 2.98184158e-04 3.03509642e-04 5.32473057e-04 6.54941860e-04
 1.12351815e-03 1.40040414e-03 2.08729438e-03 2.75821043e-03
 3.86575439e-03 5.61226602e-03 8.03501842e-03 1.09636202e-02
 1.43501307e-02 1.89560408e-02 2.63627410e-02 3.39238156e-02
 4.54785238e-02 5.76082600e-02 7.61223482e-02 9.46044880e-02
 1.16739393e-01 1.47148743e-01 1.76850276e-01 2.14267158e-01
 2.51960926e-01 2.93845071e-01 3.36421802e-01 3.81426425e-01
 4.23044385e-01 4.63198166e-01 4.97249807e-01 5.24118472e-01
 5.45577089e-01 5.55971005e-01 5.51615376e-01 5.38718880e-01
 5.17760662e-01 4.91594945e-01 4.53454055e-01 4.18981485e-01
 3.71991002e-01 3.32912804e-01 2.88206185e-01 2.45496703e-01
 2.08510992e-01 1.73069718e-01 1.42692130e-01 1.14715995e-01
 9.28153785e-02 7.33907614e-02 5.71183126e-02 4.44987733e-02
 3.35245036e-02 2.57983196e-02 2.00422858e-02 1.44779424e-02
 1.07506310e-02 8.00839477e-03 5.79861693e-03 4.27043391e-03
 3.09366846e-03 2.23106211e-03 1.45897617e-03 1.29390953e-03
 8.51956890e-04 6.60266590e-04 4.47277368e-04 4.15328984e-04
 3.35458026e-04 2.55587067e-04 1.59741513e-04 1.81040839e-04
 1.70391378e-04 1.06494611e-04 8.51956890e-05 6.38967668e-05
 4.79224540e-05 5.32473057e-05 5.32473057e-05 4.25978445e-05
 2.66236528e-05 2.66236528e-05 4.25978445e-05 3.19483834e-05
 1.06494611e-05 5.32473057e-06 5.32473057e-06 1.06494611e-05]
[-2.943946   -2.5759525  -2.2079594  -1.8399662  -1.471973   -1.1039797
 -0.7359865  -0.36799324 -0.          0.36799324  0.7359865   1.1039797
  1.471973    1.8399662   2.2079594   2.5759525 ]
