[ 0.619714   -0.34788135 -0.20612027 ... -0.7758262  -0.39098206
  0.20227088]
[ 0.7363507  -0.36817536 -0.36817536 ... -0.7363507  -0.36817536
  0.36817536]
[2.25710149e-05 0.00000000e+00 0.00000000e+00 0.00000000e+00
 4.51420299e-05 2.25714806e-05 0.00000000e+00 4.51420299e-05
 2.25710149e-05 9.02840597e-05 2.25710149e-05 6.77130448e-05
 1.12855075e-04 1.35426090e-04 1.35426090e-04 9.02859225e-05
 4.51420299e-05 4.51420299e-05 1.35426090e-04 2.03139134e-04
 4.51420299e-05 4.51420299e-05 9.02840597e-05 1.80568119e-04
 1.80568119e-04 2.03143326e-04 6.77130448e-05 9.02840597e-05
 1.12855075e-04 1.35426090e-04 1.57997105e-04 1.12855075e-04
 1.35426090e-04 1.80568119e-04 9.02840597e-05 1.35426090e-04
 1.12857403e-04 2.48278603e-04 1.80569982e-04 1.80568119e-04
 6.77130448e-05 2.25710149e-04 2.25710149e-04 2.25712478e-04
 2.48281164e-04 1.57997105e-04 2.48281164e-04 2.25710149e-04
 3.38565224e-04 2.25712478e-04 1.35426090e-04 3.38565224e-04
 2.70852179e-04 2.93423194e-04 2.93426221e-04 2.25710149e-04
 1.80568119e-04 2.25710149e-04 3.15994209e-04 2.03141230e-04
 1.12855075e-04 1.80568119e-04 2.03139134e-04 1.57997105e-04
 1.80569982e-04 2.48281164e-04 3.15994209e-04 2.48281164e-04
 2.03139134e-04 2.93426221e-04 1.57997105e-04 1.57997105e-04
 1.35426090e-04 1.35426090e-04 2.03141230e-04 6.77130448e-05
 2.03139134e-04 6.77130448e-05 2.25710149e-04 1.12855075e-04
 6.77137433e-05 9.02840597e-05 1.35426090e-04 1.80568119e-04
 1.35426090e-04 9.02849911e-05 1.35426090e-04 6.77130448e-05
 0.00000000e+00 6.77130448e-05 6.77137433e-05 2.25710149e-05
 4.51420299e-05 9.02840597e-05 6.77130448e-05 2.25712478e-05
 0.00000000e+00 0.00000000e+00 2.25710149e-05 6.77130448e-05
 2.25712478e-05 1.12855075e-04 6.77130448e-05 2.25710149e-05
 0.00000000e+00 0.00000000e+00 2.25712478e-05 0.00000000e+00
 0.00000000e+00 2.25710149e-05 4.51420299e-05 0.00000000e+00
 2.25710149e-05 2.25710149e-05 2.25710149e-05 0.00000000e+00
 2.25712478e-05 0.00000000e+00 2.25710149e-05 0.00000000e+00
 0.00000000e+00 0.00000000e+00 0.00000000e+00 0.00000000e+00
 0.00000000e+00 0.00000000e+00 0.00000000e+00 0.00000000e+00
 0.00000000e+00 2.25710149e-05 0.00000000e+00 0.00000000e+00
 0.00000000e+00 0.00000000e+00 0.00000000e+00 0.00000000e+00
 0.00000000e+00 0.00000000e+00 0.00000000e+00 0.00000000e+00
 0.00000000e+00 0.00000000e+00 0.00000000e+00 0.00000000e+00
 0.00000000e+00 0.00000000e+00 0.00000000e+00 0.00000000e+00
 0.00000000e+00 0.00000000e+00 0.00000000e+00 0.00000000e+00
 0.00000000e+00 0.00000000e+00 0.00000000e+00 0.00000000e+00
 0.00000000e+00 0.00000000e+00 0.00000000e+00 0.00000000e+00
 0.00000000e+00 0.00000000e+00 0.00000000e+00 0.00000000e+00
 0.00000000e+00 0.00000000e+00 0.00000000e+00 0.00000000e+00
 0.00000000e+00 0.00000000e+00 4.51421463e-05 0.00000000e+00
 2.25710731e-05 6.77132194e-05 6.77130448e-05 9.02842926e-05
 1.35426439e-04 3.61137170e-04 2.48281164e-04 3.61137170e-04
 6.31990048e-04 7.89987560e-04 9.93127218e-04 1.87339424e-03
 1.87339907e-03 2.86652629e-03 4.96563609e-03 6.83901753e-03
 1.02021251e-02 1.24366613e-02 1.72442776e-02 2.40833350e-02
 3.09223702e-02 4.46906672e-02 5.52314160e-02 7.38524561e-02
 9.49565047e-02 1.21116222e-01 1.48833656e-01 1.84112125e-01
 2.22482925e-01 2.73380662e-01 3.11300040e-01 3.59850387e-01
 4.05511639e-01 4.45891406e-01 4.89543690e-01 5.24822254e-01
 5.51410961e-01 5.68542487e-01 5.73146891e-01 5.78360852e-01
 5.58859456e-01 5.34843804e-01 5.00129516e-01 4.64941236e-01
 4.21401664e-01 3.76394973e-01 3.28837965e-01 2.81957664e-01
 2.38734087e-01 2.01356284e-01 1.65423395e-01 1.32717739e-01
 1.07393166e-01 8.47318086e-02 6.44854728e-02 4.98369295e-02
 3.84610590e-02 2.99066719e-02 2.17584865e-02 1.53483297e-02
 1.13080931e-02 8.08044419e-03 6.18447404e-03 4.15307746e-03
 2.93423194e-03 1.91854122e-03 1.64768834e-03 1.15112473e-03
 9.70553642e-04 5.86847902e-04 4.73992536e-04 2.93423951e-04
 2.70852179e-04 2.03139658e-04 1.80568585e-04 1.57997512e-04
 1.80568585e-04 1.12855075e-04 1.35426439e-04 2.25710731e-05
 0.00000000e+00 4.51420299e-05 2.25711314e-05 2.25710149e-05]
[-2.9454029  -2.5772276  -2.209052   -1.8408768  -1.4727014  -1.104526
 -0.7363507  -0.36817536 -0.          0.36817536  0.7363507   1.104526
  1.4727014   1.8408768   2.209052    2.5772276 ]
