[ 0.66357654 -1.105921   -0.64716876 ...  0.33420458 -0.59988934
  0.48110187]
[ 0.7419858 -1.1129787 -0.7419858 ...  0.3709929 -0.7419858  0.3709929]
[4.77397610e-06 4.77397610e-06 9.54777700e-06 1.90959044e-05
 4.77397610e-06 4.77397610e-06 2.86433310e-05 9.54795220e-06
 1.43219283e-05 5.25137371e-05 3.34178327e-05 4.77388850e-05
 5.25137371e-05 4.77397610e-05 5.25137371e-05 5.25127735e-05
 8.11575937e-05 6.68356654e-05 8.11575937e-05 6.68356654e-05
 9.54777700e-05 9.07055459e-05 1.00253498e-04 1.09801450e-04
 9.54777700e-05 9.54795220e-05 1.62315187e-04 1.09801450e-04
 1.33671331e-04 1.38442767e-04 1.05027474e-04 1.09801450e-04
 1.62315187e-04 1.67086098e-04 1.24123379e-04 1.05027474e-04
 1.81411092e-04 1.62315187e-04 1.47990544e-04 1.86185068e-04
 1.47993259e-04 1.52767235e-04 1.67086098e-04 1.47993259e-04
 1.57541211e-04 1.24123379e-04 1.33671331e-04 1.47990544e-04
 2.05280972e-04 2.14828925e-04 1.62313698e-04 1.86185068e-04
 1.52765834e-04 1.43219283e-04 1.24123379e-04 1.43217969e-04
 1.90959044e-04 1.19348308e-04 1.52767235e-04 1.43217969e-04
 1.24123379e-04 1.90957292e-04 1.38445307e-04 1.67089164e-04
 1.43217969e-04 1.47993259e-04 1.24122240e-04 1.71863140e-04
 1.43217969e-04 1.05027474e-04 1.33670104e-04 1.00253498e-04
 1.67087631e-04 1.33671331e-04 1.47993259e-04 9.07047137e-05
 1.14575426e-04 1.19348308e-04 1.24123379e-04 1.00252578e-04
 1.05027474e-04 1.14574375e-04 1.05027474e-04 1.19349403e-04
 1.05026511e-04 1.05027474e-04 1.00252578e-04 8.59315698e-05
 9.07047137e-05 7.63836176e-05 7.63829168e-05 7.16096415e-05
 9.54795220e-05 8.11568491e-05 7.63836176e-05 7.63829168e-05
 5.25137371e-05 9.07047137e-05 4.77397610e-05 7.63829168e-05
 7.16096415e-05 6.20616893e-05 6.20611199e-05 3.81918088e-05
 7.16089845e-05 3.34178327e-05 4.29653907e-05 5.25137371e-05
 4.29653907e-05 6.20616893e-05 4.29657849e-05 2.38696615e-05
 4.77397610e-05 4.29653907e-05 3.81918088e-05 3.81914584e-05
 1.90959044e-05 3.34175261e-05 2.86438566e-05 3.34178327e-05
 2.86435938e-05 1.90959044e-05 1.90957292e-05 1.43219283e-05
 2.86435938e-05 1.90959044e-05 2.86437252e-05 2.38697710e-05
 1.90958168e-05 9.54790840e-06 9.54790840e-06 4.77395420e-06
 1.90959044e-05 9.54790840e-06 9.54790840e-06 4.77395420e-06
 1.43218626e-05 3.34176794e-05 2.86437252e-05 1.43218626e-05
 1.43218626e-05 3.81918088e-05 2.86437252e-05 1.90958168e-05
 4.77395420e-06 1.43218626e-05 3.81916336e-05 1.90958168e-05
 9.54790840e-06 1.43218626e-05 9.54795220e-06 9.54790840e-06
 1.43218626e-05 1.43218626e-05 4.77395420e-06 0.00000000e+00
 1.43218626e-05 4.77395420e-06 4.77395420e-06 0.00000000e+00
 4.77395420e-06 0.00000000e+00 1.43218626e-05 1.43218626e-05
 4.77395420e-06 2.38697710e-05 9.54793030e-06 2.38697710e-05
 3.81916336e-05 6.20614046e-05 1.67088397e-04 1.95732571e-04
 2.29149802e-04 3.86690290e-04 6.34935909e-04 9.26147115e-04
 1.33671024e-03 2.14827939e-03 3.09352232e-03 4.23927133e-03
 6.17751091e-03 8.71724037e-03 1.19683032e-02 1.65560732e-02
 2.37504494e-02 3.17086038e-02 4.19917493e-02 5.55067655e-02
 7.17048743e-02 9.30014018e-02 1.16661253e-01 1.46374210e-01
 1.78841872e-01 2.18322724e-01 2.60385933e-01 3.01537442e-01
 3.48226541e-01 3.89277997e-01 4.32520499e-01 4.65823622e-01
 4.98630254e-01 5.18819244e-01 5.28424482e-01 5.31379561e-01
 5.20284923e-01 4.96682337e-01 4.68196279e-01 4.35723824e-01
 3.92357199e-01 3.49606415e-01 3.04707350e-01 2.62920904e-01
 2.21196394e-01 1.83396435e-01 1.51768778e-01 1.21974530e-01
 9.43668609e-02 7.51659089e-02 5.73161599e-02 4.34811749e-02
 3.24820216e-02 2.37504221e-02 1.75538497e-02 1.26175610e-02
 8.85091109e-03 6.73604938e-03 4.68325981e-03 3.08397441e-03
 2.48723014e-03 1.64224025e-03 1.19349129e-03 8.92729436e-04
 7.25641039e-04 5.01265191e-04 3.53272611e-04 2.62568083e-04
 2.38697710e-04 2.10053985e-04 1.62314443e-04 1.62314443e-04
 1.33671024e-04 1.09800695e-04 6.20616893e-05 6.68353588e-05
 5.72874504e-05 5.25134962e-05 5.72874504e-05 9.54790840e-06
 3.81916336e-05 1.90958168e-05 9.54790840e-06 4.77397610e-06
 4.77395420e-06 0.00000000e+00 4.77395420e-06 4.77395420e-06]
[-2.9679432 -2.5969503 -2.2259574 -1.8549645 -1.4839716 -1.1129787
 -0.7419858 -0.3709929  0.         0.3709929  0.7419858  1.1129787
  1.4839716  1.8549645  2.2259574  2.5969503]
