[ 0.30278006  0.29922068 -1.2683913  ... -0.18211219 -0.3590372
  0.41545203]
[ 0.35503224  0.35503224 -1.420129   ... -0.35503224 -0.35503224
  0.35503224]
[7.21607697e-05 4.81061763e-05 0.00000000e+00 2.40530882e-05
 2.40535899e-05 0.00000000e+00 2.40535899e-05 7.21592645e-05
 0.00000000e+00 0.00000000e+00 4.81071798e-05 2.40530882e-05
 9.62143596e-05 0.00000000e+00 1.68375129e-04 2.16477794e-04
 9.62143596e-05 2.64583970e-04 2.16482309e-04 2.16477794e-04
 7.21607697e-05 3.36750259e-04 2.40530882e-04 1.44321539e-04
 1.92424705e-04 1.92428719e-04 3.60796323e-04 1.92428719e-04
 2.16477794e-04 1.92428719e-04 1.44318529e-04 2.88643079e-04
 1.44318529e-04 1.92428719e-04 9.62133561e-05 2.16480051e-04
 1.68373373e-04 1.44320034e-04 1.44320034e-04 7.21600171e-05
 1.92426712e-04 3.12693407e-04 1.44320034e-04 2.88640068e-04
 9.62133561e-05 2.40533390e-04 2.16480051e-04 1.20266695e-04
 1.92426712e-04 9.62133561e-05 9.62133561e-05 7.21607697e-05
 3.12693407e-04 3.12693407e-04 2.16480051e-04 1.44320034e-04
 2.64586729e-04 2.64586729e-04 2.64586729e-04 1.68373373e-04
 2.40533390e-04 1.92426712e-04 4.08906764e-04 9.62133561e-05
 2.40533390e-04 1.44320034e-04 1.44320034e-04 9.62133561e-05
 7.21600171e-05 2.40533390e-04 4.81066781e-05 9.62143596e-05
 1.20266695e-04 9.62133561e-05 9.62133561e-05 4.81066781e-05
 4.81066781e-05 9.62133561e-05 1.20266695e-04 1.20266695e-04
 7.21600171e-05 7.21600171e-05 2.40533390e-05 4.81066781e-05
 4.81066781e-05 4.81066781e-05 9.62133561e-05 0.00000000e+00
 4.81066781e-05 2.40533390e-05 1.68373373e-04 7.21600171e-05
 4.81071798e-05 2.40533390e-05 2.40533390e-05 4.81066781e-05
 9.62133561e-05 2.40533390e-05 4.81066781e-05 7.21600171e-05
 7.21600171e-05 7.21600171e-05 0.00000000e+00 2.40533390e-05
 2.40533390e-05 4.81066781e-05 2.40533390e-05 9.62133561e-05
 4.81066781e-05 2.40533390e-05 4.81066781e-05 7.21600171e-05
 2.40535899e-05 0.00000000e+00 4.81066781e-05 0.00000000e+00
 2.40533390e-05 2.40533390e-05 4.81066781e-05 4.81066781e-05
 0.00000000e+00 2.40533390e-05 0.00000000e+00 0.00000000e+00
 0.00000000e+00 0.00000000e+00 4.81066781e-05 2.40533390e-05
 2.40534645e-05 0.00000000e+00 0.00000000e+00 0.00000000e+00
 0.00000000e+00 0.00000000e+00 0.00000000e+00 0.00000000e+00
 0.00000000e+00 0.00000000e+00 2.40534645e-05 0.00000000e+00
 0.00000000e+00 0.00000000e+00 2.40533390e-05 0.00000000e+00
 0.00000000e+00 0.00000000e+00 2.40533390e-05 0.00000000e+00
 0.00000000e+00 0.00000000e+00 0.00000000e+00 0.00000000e+00
 0.00000000e+00 0.00000000e+00 0.00000000e+00 0.00000000e+00
 0.00000000e+00 0.00000000e+00 0.00000000e+00 0.00000000e+00
 0.00000000e+00 0.00000000e+00 2.40533390e-05 0.00000000e+00
 0.00000000e+00 2.40533390e-05 0.00000000e+00 0.00000000e+00
 2.40533390e-05 0.00000000e+00 2.40533390e-05 2.40534017e-05
 9.62133561e-05 1.68373373e-04 2.16480051e-04 3.36746746e-04
 3.60801026e-04 6.73493493e-04 5.77280137e-04 1.05834692e-03
 1.46725368e-03 2.11669935e-03 3.41557414e-03 4.01690762e-03
 5.60442799e-03 7.36032174e-03 1.08240167e-02 1.41193100e-02
 1.90021626e-02 2.65308330e-02 3.37709320e-02 4.52443307e-02
 5.80166537e-02 7.30741392e-02 9.21242885e-02 1.18823650e-01
 1.45041634e-01 1.80159627e-01 2.14748211e-01 2.61075112e-01
 3.00666934e-01 3.52189220e-01 3.94306644e-01 4.40609208e-01
 4.88090515e-01 5.18229527e-01 5.48705038e-01 5.65662651e-01
 5.80936528e-01 5.73095136e-01 5.74538337e-01 5.38338044e-01
 5.12192135e-01 4.71229119e-01 4.27837020e-01 3.84973942e-01
 3.37973687e-01 2.92921563e-01 2.49770035e-01 2.18139874e-01
 1.75829908e-01 1.45619104e-01 1.16803014e-01 9.21003552e-02
 7.29056706e-02 5.68139868e-02 4.20693448e-02 3.25922744e-02
 2.47027792e-02 1.84489351e-02 1.44560568e-02 1.03669891e-02
 8.29842360e-03 4.90688116e-03 3.58394752e-03 2.76613399e-03
 2.18885385e-03 1.10645360e-03 9.14029266e-04 1.20266695e-03
 5.77280137e-04 3.84853424e-04 3.84853424e-04 4.57014633e-04
 4.32960103e-04 2.16480051e-04 2.88640068e-04 2.40533390e-04
 1.20267009e-04 1.20266695e-04 1.68373373e-04 4.81066781e-05
 2.40534017e-05 2.40533390e-05 2.40533390e-05 4.81066781e-05]
[-2.840258   -2.4852257  -2.1301935  -1.7751611  -1.420129   -1.0650967
 -0.7100645  -0.35503224  0.          0.35503224  0.7100645   1.0650967
  1.420129    1.7751611   2.1301935   2.4852257 ]
