[ 0.3074841  -0.8855037  -1.0594186  ... -0.37219024  0.42931288
 -0.3756765 ]
[ 0.3905702 -0.7811404 -1.1717106 ... -0.3905702  0.3905702 -0.3905702]
[3.40903686e-06 0.00000000e+00 3.40908752e-06 3.40903686e-06
 3.40903686e-06 0.00000000e+00 0.00000000e+00 3.40908752e-06
 3.40903686e-06 1.36361474e-05 6.81807371e-06 1.36361474e-05
 6.81817504e-06 1.70451843e-05 1.02271106e-05 6.81807371e-06
 3.06813317e-05 2.04545251e-05 3.06813317e-05 1.70451843e-05
 2.04542211e-05 4.43174791e-05 4.09090502e-05 4.43174791e-05
 5.45445897e-05 4.09084423e-05 3.40908752e-05 4.77265160e-05
 6.13626634e-05 7.84078477e-05 8.86349583e-05 6.81817504e-05
 8.18168845e-05 7.84078477e-05 8.86349583e-05 5.11355528e-05
 8.18181005e-05 7.84078477e-05 7.84078477e-05 3.74994054e-05
 7.49988108e-05 6.81817504e-05 6.13626634e-05 9.20439951e-05
 6.81807371e-05 6.47717003e-05 7.15908379e-05 8.86349583e-05
 9.20439951e-05 7.84078477e-05 7.84078477e-05 9.20453630e-05
 1.05680143e-04 8.86349583e-05 7.15897740e-05 9.54530320e-05
 7.84090129e-05 9.20439951e-05 8.86349583e-05 8.18168845e-05
 7.84078477e-05 1.02272626e-04 7.49988108e-05 1.09089179e-04
 1.32952437e-04 1.12498216e-04 7.84090129e-05 8.52259214e-05
 9.54530320e-05 9.54530320e-05 1.19316290e-04 8.52271880e-05
 8.52259214e-05 1.05680143e-04 9.88620688e-05 8.18181005e-05
 1.36361474e-04 1.15907253e-04 8.18168845e-05 7.84078477e-05
 1.02272626e-04 8.86349583e-05 1.05680143e-04 8.86349583e-05
 1.32952437e-04 1.09090801e-04 1.12498216e-04 9.54530320e-05
 9.20439951e-05 9.88620688e-05 8.18181005e-05 1.39770511e-04
 7.15897740e-05 8.52259214e-05 1.15907253e-04 7.49993681e-05
 1.02271866e-04 1.12498216e-04 8.86349583e-05 1.02271866e-04
 8.18168845e-05 9.88628034e-05 9.88620688e-05 8.86349583e-05
 9.20446791e-05 8.52259214e-05 7.49993681e-05 9.20439951e-05
 5.79536266e-05 8.18174925e-05 5.45445897e-05 6.13631194e-05
 5.45445897e-05 8.86356169e-05 3.74994054e-05 6.13626634e-05
 5.45449950e-05 6.81807371e-05 7.49993681e-05 3.40903686e-05
 5.11355528e-05 7.84084303e-05 4.77265160e-05 4.77268706e-05
 5.79536266e-05 3.74994054e-05 7.15903059e-05 4.43174791e-05
 5.45449950e-05 6.81807371e-05 6.13626634e-05 4.43178084e-05
 2.38632580e-05 3.74996841e-05 4.43174791e-05 4.77268706e-05
 4.09084423e-05 2.72722948e-05 5.11359328e-05 3.40903686e-05
 2.04543731e-05 4.09084423e-05 2.72722948e-05 3.06815597e-05
 2.04542211e-05 2.38634353e-05 2.38632580e-05 3.06813317e-05
 3.40906219e-05 6.81807371e-06 1.36362487e-05 2.38632580e-05
 2.38632580e-05 1.02271866e-05 2.04542211e-05 1.36362487e-05
 1.70451843e-05 2.38633467e-05 1.36361981e-05 1.02271486e-05
 2.04542211e-05 1.70452476e-05 1.36361981e-05 1.70452476e-05
 0.00000000e+00 1.02271486e-05 0.00000000e+00 2.04542971e-05
 6.81809904e-06 1.36361981e-05 0.00000000e+00 1.02271106e-05
 3.40904952e-06 1.36361981e-05 3.40904952e-06 0.00000000e+00
 1.70452476e-05 1.02271106e-05 1.02271486e-05 1.02271486e-05
 6.81809904e-06 6.81809904e-06 1.02271106e-05 1.36361981e-05
 6.81809904e-06 0.00000000e+00 6.81809904e-06 1.70451843e-05
 1.70452793e-05 1.70452159e-05 4.77266933e-05 6.13628914e-05
 9.20441661e-05 2.18179169e-04 3.40904319e-04 5.55675072e-04
 8.65898579e-04 1.21021033e-03 1.94656728e-03 3.23859705e-03
 4.76584238e-03 6.98514247e-03 1.08680297e-02 1.59202613e-02
 2.33178771e-02 3.37598174e-02 4.88107257e-02 6.73729831e-02
 9.14613896e-02 1.22272266e-01 1.56989994e-01 1.97537191e-01
 2.43361705e-01 2.91838367e-01 3.42367116e-01 3.91321204e-01
 4.33780795e-01 4.68611030e-01 4.87258461e-01 5.00209488e-01
 4.94420926e-01 4.79240439e-01 4.50710123e-01 4.10098145e-01
 3.69380571e-01 3.20910579e-01 2.75734024e-01 2.34041368e-01
 1.91227046e-01 1.53260497e-01 1.21331369e-01 9.17716131e-02
 7.02263549e-02 5.20902283e-02 3.72676948e-02 2.58610257e-02
 1.87429543e-02 1.26680280e-02 8.50897180e-03 5.87038328e-03
 3.76359067e-03 2.59428187e-03 1.56134468e-03 1.01930391e-03
 6.61355607e-04 3.47723051e-04 2.93177714e-04 1.70452476e-04
 9.20443371e-05 8.52260797e-05 4.77266933e-05 4.09085943e-05
 2.38633467e-05 1.02271106e-05 1.36361981e-05 1.02271486e-05]
[-3.1245615 -2.7339914 -2.3434212 -1.9528509 -1.5622808 -1.1717106
 -0.7811404 -0.3905702  0.         0.3905702  0.7811404  1.1717106
  1.5622808  1.9528509  2.3434212  2.7339914]
