[ 0.90712255 -0.7977989  -2.059142   ... -0.9922126  -0.04355718
 -0.14385268]
[ 0.75017905 -0.75017905 -1.8754476  ... -1.1252686  -0.
 -0.        ]
[3.40043128e-06 0.00000000e+00 0.00000000e+00 0.00000000e+00
 0.00000000e+00 0.00000000e+00 0.00000000e+00 0.00000000e+00
 0.00000000e+00 6.80086256e-06 3.40048657e-06 6.80086256e-06
 6.80097313e-06 3.40043128e-06 3.40043128e-06 1.02014597e-05
 1.02012938e-05 1.36017251e-05 1.36019463e-05 1.02012938e-05
 2.38030190e-05 2.04029194e-05 4.42056067e-05 4.76060379e-05
 6.46092448e-05 5.10064692e-05 6.46081943e-05 4.42063254e-05
 5.78073318e-05 6.12077631e-05 6.80097313e-05 6.80086256e-05
 6.12087582e-05 7.14090569e-05 7.82099195e-05 8.84126507e-05
 1.02012938e-04 8.16103507e-05 1.02014597e-04 8.84112133e-05
 1.12214232e-04 9.86141104e-05 1.22415526e-04 9.52120759e-05
 1.02014597e-04 9.18116446e-05 1.05413370e-04 1.22417516e-04
 1.22415526e-04 1.22415526e-04 1.02014597e-04 1.15614664e-04
 1.22415526e-04 1.02014597e-04 1.08813801e-04 1.12216057e-04
 1.05413370e-04 1.29216389e-04 1.02014597e-04 1.08813801e-04
 1.12214232e-04 1.25818003e-04 1.05413370e-04 9.52120759e-05
 1.19017030e-04 1.08813801e-04 1.02012938e-04 1.22417516e-04
 1.05413370e-04 1.12214232e-04 1.36019463e-04 1.29216389e-04
 1.39418816e-04 1.22416521e-04 1.49618976e-04 1.29217439e-04
 1.12215144e-04 1.25815957e-04 9.52128499e-05 1.25816980e-04
 9.18116446e-05 1.08814686e-04 1.02013768e-04 1.19016062e-04
 8.16103507e-05 1.05414227e-04 7.48100963e-05 1.56419839e-04
 1.02013768e-04 1.05414227e-04 1.56419839e-04 8.50114731e-05
 1.05414227e-04 1.08814686e-04 6.46081943e-05 7.82105552e-05
 1.22416521e-04 1.22415526e-04 8.84119320e-05 9.52128499e-05
 7.82099195e-05 1.19016062e-04 1.29217439e-04 6.46087196e-05
 8.50107820e-05 6.46087196e-05 4.42059660e-05 3.74047441e-05
 6.80091785e-05 7.48100963e-05 7.82099195e-05 6.46087196e-05
 5.44073428e-05 7.82099195e-05 6.46087196e-05 6.80091785e-05
 7.48100963e-05 4.08051754e-05 2.72036714e-05 6.46087196e-05
 6.46081943e-05 7.14096374e-05 3.06041303e-05 4.08051754e-05
 3.40045892e-05 6.12082606e-05 4.08055071e-05 5.78073318e-05
 5.78078017e-05 5.78078017e-05 2.72034502e-05 4.08055071e-05
 2.72036714e-05 3.40043128e-05 5.44073428e-05 2.04027535e-05
 2.38032125e-05 4.76060379e-05 4.42059660e-05 2.38031157e-05
 3.40045892e-05 3.06040059e-05 3.74048961e-05 3.06041303e-05
 4.08053412e-05 2.72036714e-05 2.04026706e-05 1.70022255e-05
 3.40045892e-05 1.02013353e-05 2.38032125e-05 2.38031157e-05
 1.70022255e-05 6.80091785e-06 1.70022255e-05 2.04027535e-05
 3.40044510e-05 1.36017804e-05 2.04027535e-05 1.70022255e-05
 2.72036714e-05 1.36017804e-05 2.72035608e-05 6.80091785e-06
 1.36017804e-05 1.70022255e-05 6.80091785e-06 1.36017804e-05
 1.02013768e-05 1.02013353e-05 6.80089020e-06 1.36018357e-05
 3.40044510e-05 3.40045201e-05 3.74049721e-05 5.78076842e-05
 5.78076842e-05 8.84115727e-05 1.12214916e-04 2.58434353e-04
 3.60447913e-04 5.44072322e-04 8.50111276e-04 1.37378261e-03
 2.17968974e-03 3.15901992e-03 4.67902197e-03 7.34496142e-03
 1.08746455e-02 1.53190363e-02 2.16234524e-02 2.96077357e-02
 4.11420689e-02 5.62502200e-02 7.42012634e-02 9.78343055e-02
 1.24973412e-01 1.56624661e-01 1.92707016e-01 2.34206013e-01
 2.77619562e-01 3.22189428e-01 3.68656417e-01 4.08788532e-01
 4.47924314e-01 4.77793930e-01 4.99563584e-01 5.08632585e-01
 5.06320311e-01 4.91592959e-01 4.67439498e-01 4.32615487e-01
 3.92116124e-01 3.47621232e-01 2.99569621e-01 2.54591713e-01
 2.12956491e-01 1.72236295e-01 1.35467207e-01 1.08848358e-01
 8.24609613e-02 6.20343830e-02 4.59877130e-02 3.32836243e-02
 2.41296075e-02 1.65193623e-02 1.15581364e-02 7.97405997e-03
 5.45092458e-03 3.72008694e-03 2.60814669e-03 1.83284364e-03
 1.29557222e-03 9.82730632e-04 6.69887685e-04 5.91678650e-04
 4.82864186e-04 3.26443393e-04 3.74049721e-04 3.46845400e-04
 2.58434353e-04 2.38031157e-04 1.80224323e-04 2.00626261e-04
 1.29217439e-04 1.08814243e-04 7.14093471e-05 9.18123909e-05
 5.44071216e-05 5.44073428e-05 3.40044510e-05 2.04026706e-05
 6.80091785e-06 0.00000000e+00 0.00000000e+00 1.36017804e-05]
[-3.0007162  -2.6256266  -2.2505372  -1.8754476  -1.5003581  -1.1252686
 -0.75017905 -0.37508953  0.          0.37508953  0.75017905  1.1252686
  1.5003581   1.8754476   2.2505372   2.6256266 ]
