[ 1.0964947  -0.10398035 -0.543514   ...  0.19959222 -0.8130577
  0.72435033]
[ 0.93051606 -0.         -0.46525803 ...  0.         -0.93051606
  0.93051606]
[4.09052361e-04 0.00000000e+00 0.00000000e+00 0.00000000e+00
 0.00000000e+00 0.00000000e+00 0.00000000e+00 0.00000000e+00
 0.00000000e+00 0.00000000e+00 0.00000000e+00 0.00000000e+00
 4.60177840e-04 0.00000000e+00 0.00000000e+00 1.02263090e-04
 4.09046968e-04 0.00000000e+00 0.00000000e+00 0.00000000e+00
 0.00000000e+00 0.00000000e+00 0.00000000e+00 0.00000000e+00
 1.53394635e-04 0.00000000e+00 1.53394635e-04 1.02261742e-04
 5.11315451e-05 2.04523484e-04 0.00000000e+00 0.00000000e+00
 0.00000000e+00 0.00000000e+00 0.00000000e+00 0.00000000e+00
 0.00000000e+00 0.00000000e+00 0.00000000e+00 0.00000000e+00
 0.00000000e+00 0.00000000e+00 0.00000000e+00 0.00000000e+00
 0.00000000e+00 0.00000000e+00 0.00000000e+00 0.00000000e+00
 0.00000000e+00 4.09049665e-04 0.00000000e+00 0.00000000e+00
 0.00000000e+00 0.00000000e+00 0.00000000e+00 0.00000000e+00
 4.09049665e-04 3.57918457e-04 5.11315451e-05 1.53393624e-04
 0.00000000e+00 2.04524832e-04 2.04524832e-04 2.55656040e-04
 2.55656040e-04 3.06787248e-04 2.04524832e-04 6.13574497e-04
 7.15836913e-04 2.04526180e-03 1.38054262e-03 8.69230537e-04
 8.69230537e-04 5.62443289e-04 1.02262416e-03 1.07375537e-03
 1.58506745e-03 1.63619866e-03 2.60769161e-03 3.98826052e-03
 3.27239732e-03 2.96561007e-03 3.22126611e-03 4.09049665e-03
 5.41990806e-03 7.87420604e-03 6.39140101e-03 8.69230537e-03
 8.74343658e-03 7.56741879e-03 1.15045976e-02 1.37542950e-02
 1.26294084e-02 1.09932097e-02 1.19647027e-02 1.34986389e-02
 1.78959228e-02 2.44407175e-02 3.01163808e-02 3.54850584e-02
 4.04447856e-02 5.00063215e-02 4.57113000e-02 3.99847365e-02
 3.75814379e-02 3.79393564e-02 4.64782681e-02 4.61203497e-02
 5.00063215e-02 5.72160104e-02 6.85158188e-02 8.67185289e-02
 1.56410365e-01 2.01354697e-01 1.80749416e-01 1.47769191e-01
 1.48485028e-01 1.21538882e-01 1.13255626e-01 1.15454268e-01
 1.17704429e-01 1.11670558e-01 1.14124856e-01 1.36980506e-01
 1.69295709e-01 2.35203557e-01 3.47590525e-01 6.28504810e-01
 7.09087594e-01 4.35382954e-01 2.93442003e-01 2.54940624e-01
 2.53815317e-01 2.26153333e-01 1.66841407e-01 1.32890010e-01
 1.84532530e-01 3.33376026e-01 3.63696283e-01 2.68541326e-01
 2.80966220e-01 7.87931916e-01 1.55848051e+00 1.24274504e+00
 5.16067708e-01 2.69103659e-01 1.79572877e-01 1.75277926e-01
 2.06007765e-01 2.73961182e-01 3.88137240e-01 4.15390191e-01
 3.44113243e-01 3.28978396e-01 3.75098697e-01 6.54480003e-01
 1.41889219e+00 1.41720428e+00 5.78907776e-01 1.37900982e-01
 6.40163252e-02 9.84787879e-02 2.27175957e-01 4.60948221e-01
 5.94247390e-01 5.71391250e-01 5.23840090e-01 4.03680888e-01
 2.33158309e-01 1.97826970e-01 3.63542889e-01 5.37900309e-01
 3.98363899e-01 1.89236601e-01 1.80953644e-01 2.95129333e-01
 3.96880437e-01 3.97648060e-01 3.30870047e-01 2.06672684e-01
 1.12284133e-01 6.91293933e-02 5.93122014e-02 6.84646876e-02
 1.11006219e-01 1.29719875e-01 1.47411273e-01 1.52013082e-01
 1.42758333e-01 1.24198114e-01 9.65357208e-02 6.91293933e-02
 4.48420695e-02 2.91959198e-02 2.23444116e-02 2.25488628e-02
 2.51565544e-02 3.15479554e-02 4.30013460e-02 3.80417442e-02
 3.11389057e-02 2.46963735e-02 2.37248805e-02 1.63108554e-02
 1.66687738e-02 1.34475520e-02 1.38565117e-02 1.51349373e-02
 1.37542950e-02 1.07886849e-02 8.23212450e-03 9.97058557e-03
 1.34986389e-02 9.35701108e-03 6.90271309e-03 1.16579154e-02
 8.53891175e-03 6.44253222e-03 4.60183906e-03 5.16425202e-03
 3.93710302e-03 6.08461376e-03 4.39728389e-03 5.72669530e-03
 6.90271309e-03 5.31764564e-03 3.93710302e-03 4.85746477e-03
 2.30090436e-03 3.06789271e-03 3.27239732e-03 3.88597181e-03
 3.78370940e-03 3.01674128e-03 2.70995403e-03 6.13574497e-04
 2.45429799e-03 1.63619866e-03 2.30090436e-03 9.71492953e-04
 2.24978798e-03 2.09637953e-03 7.66968121e-04 1.27828020e-03
 0.00000000e+00 2.04524832e-04 9.71492953e-04 0.00000000e+00
 3.57918457e-04 0.00000000e+00 2.55657725e-04 7.15836913e-04
 3.57918457e-04 0.00000000e+00 6.64705705e-04 5.62443289e-04]
[-3.7220643  -3.2568061  -2.7915483  -2.3262901  -1.8610321  -1.3957741
 -0.93051606 -0.46525803 -0.          0.46525803  0.93051606  1.3957741
  1.8610321   2.3262901   2.7915483   3.2568061 ]
