[-0.13380283  0.8708924  -0.5571471  ... -0.9656434   0.8112891
 -0.36267686]
[-0.          0.7363111  -0.7363111  ... -1.1044667   0.7363111
 -0.36815554]
[1.03428326e-05 0.00000000e+00 5.17141629e-06 1.55142489e-05
 1.03426220e-05 1.03428326e-05 3.61999140e-05 3.10284977e-05
 3.10278659e-05 3.10284977e-05 5.17141629e-05 4.13704879e-05
 5.68855792e-05 8.79140769e-05 7.23983538e-05 7.75712443e-05
 9.30854932e-05 1.39625397e-04 5.68855792e-05 1.08599742e-04
 1.18942575e-04 4.65417989e-05 9.30854932e-05 5.68855792e-05
 1.55139330e-04 1.24113991e-04 1.60312273e-04 1.70656738e-04
 1.55140909e-04 1.13771158e-04 1.80997727e-04 1.65483636e-04
 1.75828154e-04 1.44798182e-04 2.22370900e-04 1.86169091e-04
 2.01683182e-04 1.08599742e-04 1.29284091e-04 1.80999570e-04
 1.91340455e-04 1.91340455e-04 1.65485321e-04 2.01683182e-04
 1.75826364e-04 2.58570814e-04 2.27540000e-04 2.06856652e-04
 1.24112727e-04 1.75826364e-04 1.60313905e-04 1.65483636e-04
 1.60313905e-04 1.49969546e-04 1.80997727e-04 1.75828154e-04
 1.75826364e-04 2.06856652e-04 1.80997727e-04 1.24112727e-04
 1.34456824e-04 1.55140909e-04 1.70655000e-04 1.39628240e-04
 2.12025909e-04 1.34456824e-04 1.65483636e-04 1.29284091e-04
 1.75828154e-04 1.60312273e-04 1.49971072e-04 1.34455455e-04
 1.96511818e-04 1.39628240e-04 1.44798182e-04 9.30854932e-05
 1.18941364e-04 1.49969546e-04 1.08599742e-04 1.80997727e-04
 1.18941364e-04 1.44799656e-04 1.55140909e-04 1.39628240e-04
 1.13770000e-04 1.24112727e-04 1.13771158e-04 8.27418182e-05
 1.55142489e-04 1.03427273e-04 9.30845455e-05 1.39628240e-04
 1.08598636e-04 7.23998281e-05 6.72277273e-05 9.82559091e-05
 8.27426606e-05 5.68850000e-05 3.10281818e-05 5.17141629e-05
 6.20563637e-05 3.61999140e-05 4.65422727e-05 5.68850000e-05
 7.23998281e-05 4.65422727e-05 4.65427466e-05 6.72277273e-05
 4.13709091e-05 3.10284977e-05 4.13709091e-05 7.23994595e-05
 5.68852896e-05 4.13711197e-05 4.65422727e-05 5.68852896e-05
 2.06855599e-05 2.58569498e-05 3.10283398e-05 1.55140909e-05
 3.10283398e-05 1.03427799e-05 1.03427799e-05 1.55140909e-05
 1.03427799e-05 0.00000000e+00 0.00000000e+00 3.61997297e-05
 1.03427273e-05 2.58569498e-05 1.55141699e-05 2.58569498e-05
 1.03427273e-05 2.06855599e-05 1.03427799e-05 2.06855599e-05
 2.58568182e-05 1.03427799e-05 5.17138996e-06 1.03427799e-05
 1.03427799e-05 1.03427273e-05 5.17138996e-06 1.55141699e-05
 0.00000000e+00 0.00000000e+00 5.17138996e-06 0.00000000e+00
 5.17138996e-06 5.17138996e-06 5.17136364e-06 5.17138996e-06
 1.55141699e-05 2.06855072e-05 2.06855599e-05 4.13711197e-05
 3.61996376e-05 6.72280695e-05 4.13710144e-05 6.72280695e-05
 1.24113043e-04 1.80998649e-04 2.58568840e-04 3.05112008e-04
 5.79195676e-04 7.03307245e-04 1.00842104e-03 1.46349963e-03
 2.06855599e-03 2.67877318e-03 4.17331170e-03 5.58508695e-03
 7.64848576e-03 1.08133764e-02 1.43815989e-02 1.97908842e-02
 2.62085710e-02 3.33192231e-02 4.40085286e-02 5.75316401e-02
 7.32629884e-02 9.37158097e-02 1.15870016e-01 1.42652611e-01
 1.72594920e-01 2.06488298e-01 2.44027239e-01 2.84514000e-01
 3.29711890e-01 3.66749571e-01 4.09159853e-01 4.46802353e-01
 4.84610337e-01 5.06966388e-01 5.32807715e-01 5.41330113e-01
 5.47251391e-01 5.37420547e-01 5.19998196e-01 4.95346286e-01
 4.65584817e-01 4.28071602e-01 3.90005049e-01 3.44833235e-01
 3.05354675e-01 2.63404413e-01 2.26749647e-01 1.90886225e-01
 1.58233989e-01 1.30448146e-01 1.06737353e-01 8.48882582e-02
 6.63798771e-02 5.30790790e-02 4.08694949e-02 3.10283003e-02
 2.29247425e-02 1.81050132e-02 1.27267583e-02 9.74289869e-03
 7.03826174e-03 5.13000579e-03 3.67168687e-03 2.63740217e-03
 1.99098514e-03 1.40661449e-03 1.03427799e-03 8.84305433e-04
 6.20566796e-04 5.22310386e-04 3.82681883e-04 3.25797568e-04
 2.06855072e-04 2.53398108e-04 2.48226086e-04 1.91341429e-04
 1.39627174e-04 1.44798919e-04 1.44798919e-04 1.13770579e-04
 4.13709091e-05 5.68852896e-05 6.20566796e-05 3.10283398e-05
 2.06854546e-05 5.17138996e-05 2.06855599e-05 1.55141699e-05
 2.58569498e-05 1.03427273e-05 1.55141699e-05 0.00000000e+00
 5.17138996e-06 5.17136364e-06 0.00000000e+00 5.17138996e-06]
[-2.9452443  -2.5770888  -2.2089334  -1.8407776  -1.4726222  -1.1044667
 -0.7363111  -0.36815554  0.          0.36815554  0.7363111   1.1044667
  1.4726222   1.8407776   2.2089334   2.5770888 ]
