[-0.1722024   0.3665521  -0.5716684  ... -1.1732863   0.15678331
  0.01549515]
[-0.          0.35914543 -0.71829087 ... -1.0774363   0.
  0.        ]
[5.72418229e-05 2.86209114e-05 5.72418229e-05 5.72418229e-05
 1.14483646e-04 1.14486372e-04 8.58627343e-05 2.86209114e-05
 1.14483646e-04 5.72418229e-05 1.14483646e-04 8.58627343e-05
 8.58627343e-05 1.14483646e-04 2.86212522e-05 2.86209114e-05
 5.72418229e-05 1.43104557e-04 1.71725469e-04 1.14485009e-04
 5.72418229e-05 1.71725469e-04 1.14483646e-04 2.00346380e-04
 2.86209114e-04 2.00348766e-04 2.86209114e-04 2.00346380e-04
 2.28967292e-04 4.57934583e-04 6.01046297e-04 4.29313672e-04
 4.29313672e-04 5.72418229e-04 5.15176406e-04 3.72071849e-04
 5.72425045e-04 3.72071849e-04 3.43450937e-04 3.72071849e-04
 1.14483646e-04 5.72418229e-05 1.71727513e-04 8.58627343e-05
 2.57588203e-04 1.14483646e-04 2.28967292e-04 2.28970018e-04
 1.43104557e-04 1.43104557e-04 8.58627343e-05 1.43104557e-04
 5.72418229e-05 1.43106261e-04 1.43104557e-04 5.72418229e-05
 5.72418229e-05 1.43104557e-04 1.71725469e-04 8.58637567e-05
 5.72418229e-05 5.72418229e-05 1.43104557e-04 2.57588203e-04
 8.58637567e-05 1.43104557e-04 1.14483646e-04 2.00346380e-04
 8.58627343e-05 5.72418229e-05 2.00348766e-04 1.71725469e-04
 8.58627343e-05 0.00000000e+00 2.00346380e-04 8.58637567e-05
 2.28967292e-04 1.71725469e-04 1.43104557e-04 2.00346380e-04
 8.58627343e-05 1.14485009e-04 1.14483646e-04 2.86209114e-05
 2.86209114e-05 2.86209114e-05 1.14483646e-04 5.72425045e-05
 2.86209114e-05 1.43104557e-04 2.86209114e-05 8.58627343e-05
 2.86212522e-05 0.00000000e+00 5.72418229e-05 5.72418229e-05
 0.00000000e+00 1.71725469e-04 2.86212522e-05 0.00000000e+00
 5.72418229e-05 1.43104557e-04 5.72418229e-05 8.58627343e-05
 2.86212522e-05 1.14483646e-04 2.86209114e-05 2.86209114e-05
 2.86209114e-05 2.86212522e-05 0.00000000e+00 2.86209114e-05
 0.00000000e+00 2.86210818e-05 0.00000000e+00 2.86209114e-05
 2.86210818e-05 2.86209114e-05 0.00000000e+00 0.00000000e+00
 0.00000000e+00 0.00000000e+00 0.00000000e+00 2.86209114e-05
 8.58627343e-05 8.58632455e-05 2.86209114e-05 5.72421637e-05
 0.00000000e+00 2.86209114e-05 0.00000000e+00 0.00000000e+00
 0.00000000e+00 0.00000000e+00 2.86209114e-05 0.00000000e+00
 0.00000000e+00 0.00000000e+00 0.00000000e+00 2.86210818e-05
 2.86209114e-05 0.00000000e+00 0.00000000e+00 0.00000000e+00
 0.00000000e+00 0.00000000e+00 0.00000000e+00 0.00000000e+00
 8.58627343e-05 5.72418229e-05 0.00000000e+00 0.00000000e+00
 0.00000000e+00 0.00000000e+00 0.00000000e+00 0.00000000e+00
 0.00000000e+00 0.00000000e+00 0.00000000e+00 0.00000000e+00
 0.00000000e+00 0.00000000e+00 0.00000000e+00 0.00000000e+00
 0.00000000e+00 2.86209966e-05 2.86209966e-05 2.86209114e-05
 0.00000000e+00 2.86209966e-05 5.72419933e-05 8.58627343e-05
 0.00000000e+00 1.14483987e-04 2.57588203e-04 1.14483987e-04
 4.00693953e-04 5.15177940e-04 8.01385520e-04 1.03035588e-03
 1.57415482e-03 2.11794745e-03 3.09106764e-03 3.46314059e-03
 4.23590750e-03 6.01039140e-03 8.67216198e-03 1.03035435e-02
 1.33660054e-02 1.76305077e-02 2.52437190e-02 3.11109770e-02
 4.23017701e-02 5.31205698e-02 6.75454515e-02 8.68361038e-02
 1.05783046e-01 1.30397261e-01 1.61221834e-01 1.96339891e-01
 2.40215846e-01 2.80800180e-01 3.27223611e-01 3.82118642e-01
 4.37986786e-01 4.90706622e-01 5.31548556e-01 5.78830605e-01
 6.23794042e-01 6.44916437e-01 6.58683004e-01 6.61831372e-01
 6.48493999e-01 6.27257179e-01 5.84841010e-01 5.47347329e-01
 4.97289447e-01 4.40848883e-01 3.91992878e-01 3.39473389e-01
 2.91475796e-01 2.47227985e-01 2.04582732e-01 1.72269522e-01
 1.41902901e-01 1.12222761e-01 8.79237017e-02 7.04934098e-02
 5.27198758e-02 4.25021168e-02 3.16833961e-02 2.51292350e-02
 1.82029268e-02 1.49115392e-02 1.15628654e-02 8.07112105e-03
 5.81004502e-03 4.69384345e-03 3.66348757e-03 2.40416372e-03
 2.57588203e-03 1.83174378e-03 1.51691282e-03 9.44490078e-04
 6.86903919e-04 6.01040929e-04 4.29314950e-04 3.43450937e-04
 1.43104983e-04 1.14483987e-04 8.58627343e-05 2.86209966e-05
 2.86209966e-05 0.00000000e+00 2.86209114e-05 2.86209966e-05]
[-2.8731635  -2.514018   -2.1548727  -1.7957271  -1.4365817  -1.0774363
 -0.71829087 -0.35914543  0.          0.35914543  0.71829087  1.0774363
  1.4365817   1.7957271   2.1548727   2.514018  ]
