[ 1.1176857  -0.69689643 -1.0064466  ... -0.4952874   0.62036717
 -0.35742494]
[ 1.1254214  -0.7502809  -1.1254214  ... -0.37514046  0.7502809
 -0.37514046]
[3.61300459e-05 0.00000000e+00 0.00000000e+00 0.00000000e+00
 0.00000000e+00 0.00000000e+00 0.00000000e+00 1.80650229e-05
 1.80650229e-05 1.80650229e-05 0.00000000e+00 0.00000000e+00
 3.61294263e-05 3.61300459e-05 0.00000000e+00 3.61300459e-05
 5.41950688e-05 5.41950688e-05 3.61300459e-05 7.22600917e-05
 5.41941395e-05 7.22600917e-05 1.08390138e-04 5.41950688e-05
 5.41950688e-05 7.22600917e-05 7.22600917e-05 7.22600917e-05
 7.22588527e-05 3.61300459e-05 3.61300459e-05 7.22600917e-05
 1.26455161e-04 1.08390138e-04 1.08390138e-04 1.44520183e-04
 7.22588527e-05 1.80650229e-04 1.80650229e-05 9.03251147e-05
 5.41950688e-05 0.00000000e+00 1.08390138e-04 9.03251147e-05
 3.61294263e-05 5.41950688e-05 5.41950688e-05 3.61300459e-05
 9.03251147e-05 7.22600917e-05 1.08390138e-04 1.80650229e-04
 1.26452992e-04 1.80650229e-04 9.03251147e-05 1.44520183e-04
 1.80650229e-04 7.22600917e-05 1.98715252e-04 1.08390138e-04
 3.61294263e-05 1.08390138e-04 3.61300459e-05 2.16780275e-04
 1.80650229e-04 1.26455161e-04 1.44520183e-04 5.41946041e-05
 1.44520183e-04 5.41950688e-05 9.03251147e-05 9.03243402e-05
 1.44520183e-04 1.08390138e-04 1.08390138e-04 9.03243402e-05
 7.22600917e-05 1.62585206e-04 1.62585206e-04 5.41946041e-05
 9.03251147e-05 5.41950688e-05 1.26455161e-04 1.80648680e-04
 1.62585206e-04 1.26455161e-04 9.03251147e-05 1.44518944e-04
 1.44520183e-04 1.44520183e-04 7.22600917e-05 1.44518944e-04
 1.62585206e-04 9.03251147e-05 1.62585206e-04 9.03243402e-05
 1.44520183e-04 3.61300459e-05 1.26455161e-04 1.08389208e-04
 7.22600917e-05 9.03251147e-05 1.08390138e-04 3.61297361e-05
 1.44520183e-04 1.80650229e-04 1.26455161e-04 9.03243402e-05
 5.41950688e-05 7.22600917e-05 5.41950688e-05 9.03243402e-05
 3.61300459e-05 1.80650229e-05 7.22600917e-05 1.80648680e-05
 9.03251147e-05 7.22600917e-05 1.80650229e-05 7.22594722e-05
 9.03251147e-05 3.61300459e-05 3.61300459e-05 1.80648680e-05
 9.03251147e-05 5.41950688e-05 5.41950688e-05 5.41946041e-05
 1.26455161e-04 3.61300459e-05 7.22600917e-05 7.22600917e-05
 1.80648680e-05 1.80650229e-05 3.61300459e-05 1.80650229e-05
 5.41946041e-05 0.00000000e+00 5.41950688e-05 1.80649455e-05
 1.80650229e-05 3.61298910e-05 5.41950688e-05 3.61298910e-05
 3.61300459e-05 0.00000000e+00 1.80650229e-05 0.00000000e+00
 1.80650229e-05 3.61298910e-05 0.00000000e+00 1.80649455e-05
 1.80650229e-05 0.00000000e+00 0.00000000e+00 3.61298910e-05
 0.00000000e+00 1.80649455e-05 3.61300459e-05 0.00000000e+00
 0.00000000e+00 5.41948365e-05 0.00000000e+00 0.00000000e+00
 5.41950688e-05 0.00000000e+00 0.00000000e+00 3.61298910e-05
 0.00000000e+00 3.61298910e-05 1.80650229e-05 0.00000000e+00
 0.00000000e+00 0.00000000e+00 0.00000000e+00 1.80649842e-05
 3.61299684e-05 3.61299684e-05 1.08389905e-04 2.16779811e-04
 3.43234700e-04 2.89039747e-04 4.69689589e-04 7.22599368e-04
 1.31874385e-03 1.44519874e-03 2.61942271e-03 4.28140126e-03
 7.00921387e-03 8.41828264e-03 1.32596984e-02 1.86611287e-02
 2.65555268e-02 3.88216511e-02 4.94077318e-02 6.71114163e-02
 8.70370939e-02 1.10340924e-01 1.34855107e-01 1.72502534e-01
 2.03429787e-01 2.36633355e-01 2.83313147e-01 3.19786351e-01
 3.62672623e-01 4.03499487e-01 4.35004820e-01 4.66347567e-01
 4.94836048e-01 5.02188530e-01 5.01483995e-01 4.97292885e-01
 4.73880729e-01 4.46909644e-01 4.14157717e-01 3.79708107e-01
 3.35539017e-01 2.87721004e-01 2.48375468e-01 2.06247925e-01
 1.69521812e-01 1.34855107e-01 1.06944707e-01 8.40563715e-02
 6.32274447e-02 4.85406126e-02 3.54976940e-02 2.52006530e-02
 1.81553286e-02 1.24829041e-02 9.21314195e-03 6.52145930e-03
 4.58850599e-03 2.74587760e-03 2.22199306e-03 1.42713375e-03
 1.31874385e-03 1.28261388e-03 8.30989274e-04 7.58729337e-04
 6.86469400e-04 6.68404416e-04 5.96144479e-04 4.69689589e-04
 2.70974763e-04 2.52909779e-04 3.25169019e-04 3.25170413e-04
 2.89039128e-04 9.03251147e-05 9.03247275e-05 1.08390138e-04
 1.80649455e-05 7.22600917e-05 1.80649455e-05 3.61300459e-05]
[-3.0011237  -2.6259832  -2.2508428  -1.8757023  -1.5005618  -1.1254214
 -0.7502809  -0.37514046 -0.          0.37514046  0.7502809   1.1254214
  1.5005618   1.8757023   2.2508428   2.6259832 ]
