[ 1.1104195  -0.72391003 -0.22624819 ... -0.7419167  -0.57226455
 -0.12640485]
[ 1.115066   -0.7433773  -0.37168866 ... -0.7433773  -0.7433773
 -0.        ]
[2.05123274e-05 0.00000000e+00 0.00000000e+00 2.05123274e-05
 4.10246549e-05 6.15369823e-05 2.05123274e-05 4.10253945e-05
 2.05123274e-05 2.05123274e-05 8.20493097e-05 2.05123274e-05
 8.20493097e-05 4.10246549e-05 4.10246549e-05 6.15369823e-05
 4.10246549e-05 0.00000000e+00 6.15369823e-05 1.02561637e-04
 1.02561637e-04 4.10253945e-05 1.23073965e-04 8.20493097e-05
 1.23073965e-04 1.23073965e-04 8.20493097e-05 6.15369823e-05
 8.20493097e-05 2.05123274e-04 1.43586292e-04 1.02561637e-04
 1.23073965e-04 2.05123274e-04 1.64098619e-04 8.20493097e-05
 1.64101578e-04 2.25635602e-04 1.02561637e-04 1.84610947e-04
 2.05123274e-04 1.64098619e-04 1.23073965e-04 1.84610947e-04
 1.43586292e-04 2.25635602e-04 1.23073965e-04 2.05123274e-04
 2.05123274e-04 1.64098619e-04 2.05125123e-04 1.23073965e-04
 1.64098619e-04 1.02561637e-04 4.10250247e-05 8.20493097e-05
 1.64098619e-04 1.02561637e-04 6.15369823e-05 1.43586292e-04
 4.10246549e-05 1.43586292e-04 1.23075074e-04 8.20493097e-05
 2.05123274e-05 1.84610947e-04 1.02561637e-04 6.15369823e-05
 2.05123274e-04 6.15375370e-05 8.20493097e-05 4.10246549e-05
 1.84610947e-04 1.64098619e-04 1.84610947e-04 1.23073965e-04
 1.02562562e-04 1.64098619e-04 8.20493097e-05 1.64098619e-04
 1.23073965e-04 4.10246549e-05 1.43586292e-04 1.84610947e-04
 1.02562562e-04 1.02561637e-04 1.43586292e-04 4.10246549e-05
 1.64098619e-04 1.43586292e-04 6.15369823e-05 4.10250247e-05
 8.20493097e-05 1.43586292e-04 6.15369823e-05 8.20493097e-05
 4.10246549e-05 8.20493097e-05 4.10250247e-05 8.20493097e-05
 1.02561637e-04 6.15369823e-05 2.05123274e-05 8.20493097e-05
 4.10246549e-05 8.20493097e-05 0.00000000e+00 6.15369823e-05
 2.05123274e-05 8.20493097e-05 6.15369823e-05 4.10246549e-05
 8.20493097e-05 8.20500493e-05 0.00000000e+00 2.05123274e-05
 2.05123274e-05 6.15369823e-05 4.10246549e-05 2.05123274e-05
 4.10250247e-05 0.00000000e+00 4.10246549e-05 2.05123274e-05
 2.05123274e-05 4.10246549e-05 4.10248398e-05 0.00000000e+00
 6.15369823e-05 0.00000000e+00 4.10246549e-05 1.23073965e-04
 4.10246549e-05 0.00000000e+00 4.10246549e-05 0.00000000e+00
 0.00000000e+00 2.05124199e-05 0.00000000e+00 2.05123274e-05
 2.05124199e-05 0.00000000e+00 0.00000000e+00 0.00000000e+00
 2.05124199e-05 2.05123274e-05 2.05123274e-05 2.05123274e-05
 0.00000000e+00 0.00000000e+00 2.05123274e-05 2.05124199e-05
 2.05123274e-05 0.00000000e+00 0.00000000e+00 2.05124199e-05
 2.05123274e-05 0.00000000e+00 0.00000000e+00 4.10248398e-05
 0.00000000e+00 0.00000000e+00 0.00000000e+00 0.00000000e+00
 2.05123274e-05 0.00000000e+00 0.00000000e+00 2.05123737e-05
 0.00000000e+00 4.10247473e-05 1.84611363e-04 1.23073965e-04
 3.07685605e-04 4.10246549e-04 6.56395957e-04 1.10766568e-03
 1.68201464e-03 2.72813955e-03 3.38454165e-03 4.94347091e-03
 7.38445452e-03 1.00305507e-02 1.46047771e-02 1.99380047e-02
 2.70147657e-02 3.82145091e-02 4.97425061e-02 6.95573807e-02
 8.77518356e-02 1.13166638e-01 1.45822300e-01 1.76119042e-01
 2.11359260e-01 2.54086486e-01 3.01511210e-01 3.46945897e-01
 3.88852629e-01 4.38102783e-01 4.64686920e-01 4.98614217e-01
 5.18101023e-01 5.27249495e-01 5.31126330e-01 5.15803639e-01
 4.96152805e-01 4.66409827e-01 4.24831412e-01 3.84647597e-01
 3.43458797e-01 2.98844435e-01 2.59009596e-01 2.12118217e-01
 1.76139554e-01 1.45371028e-01 1.11402576e-01 8.91261631e-02
 6.89420102e-02 5.25321297e-02 3.85222377e-02 2.76506485e-02
 2.14764310e-02 1.47073388e-02 1.09741199e-02 6.91265434e-03
 5.25116766e-03 3.63069014e-03 2.39994231e-03 1.76406413e-03
 1.16920266e-03 7.79470199e-04 6.15369823e-04 5.12809341e-04
 4.10246549e-04 1.23074242e-04 2.87173231e-04 1.84610947e-04
 2.46148484e-04 1.64098619e-04 1.84611363e-04 1.64098989e-04
 8.20493097e-05 8.20493097e-05 1.02561637e-04 1.84611779e-04
 1.02561637e-04 1.64098619e-04 1.64099359e-04 1.02561637e-04
 1.23073965e-04 6.15369823e-05 1.02562099e-04 4.10246549e-05
 0.00000000e+00 0.00000000e+00 0.00000000e+00 2.05123274e-05]
[-2.9735093  -2.6018207  -2.230132   -1.8584433  -1.4867547  -1.115066
 -0.7433773  -0.37168866 -0.          0.37168866  0.7433773   1.115066
  1.4867547   1.8584433   2.230132    2.6018207 ]
