[ 1.08764    -0.33882704 -0.61798704 ... -1.030316    0.42527384
  0.24993725]
[ 1.1128416  -0.37094718 -0.74189436 ... -1.1128416   0.37094718
  0.37094718]
[4.92986801e-06 0.00000000e+00 0.00000000e+00 0.00000000e+00
 1.47896040e-05 0.00000000e+00 9.85973601e-06 4.92986801e-06
 9.85973601e-06 9.85973601e-06 4.92978143e-06 4.92986801e-06
 1.47896040e-05 0.00000000e+00 1.47896040e-05 2.95792080e-05
 9.85956285e-06 2.46493400e-05 9.85973601e-06 5.42285481e-05
 3.45090760e-05 2.95792080e-05 3.45090760e-05 5.91573771e-05
 2.46493400e-05 4.43688121e-05 5.91584161e-05 5.91584161e-05
 5.91584161e-05 4.43688121e-05 2.95786886e-05 4.92986801e-05
 8.38077561e-05 6.90181521e-05 7.39480201e-05 8.38077561e-05
 7.88778881e-05 7.39467214e-05 9.85973601e-05 9.36674921e-05
 8.87376241e-05 7.39480201e-05 7.39480201e-05 7.39480201e-05
 6.90169400e-05 1.03527228e-04 1.42966172e-04 8.87376241e-05
 1.42966172e-04 9.36674921e-05 1.42963661e-04 1.47896040e-04
 1.28176568e-04 1.18316832e-04 1.33106436e-04 1.33105267e-04
 1.03527228e-04 1.18316832e-04 1.47896040e-04 1.33105267e-04
 1.38036304e-04 1.52825908e-04 1.28175443e-04 1.72545380e-04
 1.28176568e-04 1.47896040e-04 1.33105267e-04 1.23246700e-04
 1.13386964e-04 1.62684216e-04 1.62685644e-04 1.38036304e-04
 1.92263164e-04 9.85973601e-05 1.77475248e-04 1.62685644e-04
 9.85964943e-05 1.38036304e-04 1.08457096e-04 1.62684216e-04
 1.42966172e-04 1.52825908e-04 1.08457096e-04 1.38035092e-04
 1.42966172e-04 1.13386964e-04 1.13385968e-04 1.67615512e-04
 1.38036304e-04 1.03526319e-04 1.42966172e-04 1.18316832e-04
 1.33106436e-04 8.38070202e-05 9.85973601e-05 1.38036304e-04
 6.40877213e-05 1.62685644e-04 1.08457096e-04 1.03527228e-04
 1.13385968e-04 8.38077561e-05 9.36674921e-05 1.13385968e-04
 8.38077561e-05 7.88778881e-05 9.36666696e-05 6.90181521e-05
 8.38077561e-05 7.88778881e-05 6.40877213e-05 1.13386964e-04
 6.90181521e-05 1.13385968e-04 8.38077561e-05 5.42285481e-05
 6.90175460e-05 4.43688121e-05 4.92986801e-05 7.88778881e-05
 6.40877213e-05 7.88778881e-05 6.90181521e-05 4.43684224e-05
 6.40882841e-05 4.43688121e-05 4.43688121e-05 2.95789483e-05
 2.95792080e-05 5.42283100e-05 3.94389440e-05 2.95790782e-05
 3.94389440e-05 4.43686172e-05 9.85969272e-06 2.46493400e-05
 2.46492318e-05 2.46493400e-05 4.43686172e-05 3.45089245e-05
 9.85973601e-06 1.97193854e-05 3.45090760e-05 2.95790782e-05
 1.47895391e-05 2.95792080e-05 1.47895391e-05 1.47896040e-05
 9.85969272e-06 1.47896040e-05 1.47895391e-05 2.95790782e-05
 3.45090760e-05 1.47895391e-05 1.47896040e-05 2.46492318e-05
 4.92984636e-06 1.47896040e-05 1.47895391e-05 1.97194720e-05
 1.47895391e-05 4.92984636e-06 4.92986801e-06 1.47895391e-05
 2.46492859e-05 3.94388575e-05 2.95791431e-05 5.42284290e-05
 1.08456858e-04 1.57755084e-04 2.02124145e-04 3.20440717e-04
 5.27494719e-04 6.90180006e-04 9.66252008e-04 1.37049729e-03
 2.17406702e-03 3.17482803e-03 4.42208189e-03 6.70953563e-03
 9.22867239e-03 1.26450837e-02 1.74467646e-02 2.44718111e-02
 3.18715267e-02 4.37475046e-02 5.70680268e-02 7.50668529e-02
 9.56540189e-02 1.22531600e-01 1.51854224e-01 1.87043711e-01
 2.27192344e-01 2.67602508e-01 3.12838705e-01 3.56127758e-01
 3.98036451e-01 4.40462899e-01 4.74750046e-01 4.98699218e-01
 5.12936639e-01 5.21100479e-01 5.15189583e-01 4.94878648e-01
 4.69824991e-01 4.34882302e-01 3.95458137e-01 3.52450086e-01
 3.11108497e-01 2.65733946e-01 2.25570421e-01 1.88359983e-01
 1.54250132e-01 1.24380297e-01 9.97507302e-02 7.67577921e-02
 5.92026549e-02 4.56061088e-02 3.35920100e-02 2.43189855e-02
 1.82355217e-02 1.32268068e-02 9.33221965e-03 6.88208063e-03
 4.38264304e-03 3.45089245e-03 2.36140159e-03 1.52825573e-03
 1.16837615e-03 9.16953436e-04 7.29617261e-04 4.92985718e-04
 4.58476718e-04 3.25370574e-04 2.56352574e-04 2.46492859e-04
 2.02123701e-04 1.92264430e-04 1.87334573e-04 1.42965544e-04
 1.62685644e-04 9.85969272e-05 8.38077561e-05 9.36670809e-05
 5.42283100e-05 2.46493400e-05 1.97193854e-05 2.46493400e-05
 2.46492318e-05 4.92986801e-06 4.92984636e-06 0.00000000e+00
 9.85973601e-06 4.92984636e-06 0.00000000e+00 4.92984636e-06]
[-2.9675775  -2.5966303  -2.2256832  -1.8547359  -1.4837887  -1.1128416
 -0.74189436 -0.37094718  0.          0.37094718  0.74189436  1.1128416
  1.4837887   1.8547359   2.2256832   2.5966303 ]
