[ 0.19112003 -0.01727205 -0.17532702 ... -0.38824815  0.3174705
  0.02060414]
[ 0.         -0.         -0.         ... -0.41172782  0.41172782
  0.        ]
[6.81785255e-06 6.81793970e-06 2.04535576e-05 3.40892627e-05
 2.04535576e-05 2.72717588e-05 3.40892627e-05 1.02267788e-04
 5.45435176e-05 4.09071153e-05 2.04535576e-05 4.77255779e-05
 3.40892627e-05 2.72714102e-05 6.13606729e-05 6.81793970e-06
 3.40892627e-05 1.36357051e-05 1.36358794e-05 2.72714102e-05
 2.04535576e-05 2.04538191e-05 2.72714102e-05 6.13606729e-05
 1.36357051e-05 5.45435176e-05 2.72714102e-05 2.04535576e-05
 4.77255779e-05 3.40892627e-05 5.45428204e-05 8.86332161e-05
 6.81785255e-05 5.45428204e-05 6.13606729e-05 8.86332161e-05
 5.45428204e-05 1.49992756e-04 1.22722915e-04 8.18142306e-05
 1.09085641e-04 1.29540854e-04 1.02267788e-04 1.22721346e-04
 1.02267788e-04 1.09087035e-04 9.54499357e-05 1.15903493e-04
 2.59081709e-04 1.22721346e-04 1.29539198e-04 1.22722915e-04
 1.63628461e-04 1.29539198e-04 1.90899871e-04 1.56812613e-04
 2.38624839e-04 2.24989134e-04 2.31809950e-04 2.31806987e-04
 1.63628461e-04 1.90902312e-04 2.65896249e-04 2.24989134e-04
 2.72714102e-04 3.34079045e-04 2.38624839e-04 2.65896249e-04
 1.84084372e-04 2.31806987e-04 1.29539198e-04 2.45445829e-04
 2.59078397e-04 2.65896249e-04 2.31806987e-04 1.70448493e-04
 2.45442692e-04 1.56810609e-04 1.36358794e-04 9.54499357e-05
 1.09085641e-04 1.15904975e-04 1.29539198e-04 1.36357051e-04
 1.49992756e-04 1.09087035e-04 1.49992756e-04 1.36357051e-04
 1.15904975e-04 8.86320831e-05 1.09085641e-04 1.22722130e-04
 1.22722130e-04 1.29539198e-04 1.09086338e-04 1.84082019e-04
 1.29540026e-04 9.54505458e-05 1.22721346e-04 8.86326496e-05
 8.18142306e-05 1.77265299e-04 1.15904234e-04 1.49992756e-04
 1.36357923e-04 1.36357051e-04 1.70447403e-04 1.29540026e-04
 1.22721346e-04 1.49993715e-04 1.84082019e-04 1.15904234e-04
 1.43175819e-04 1.02267788e-04 1.09086338e-04 1.29539198e-04
 1.09086338e-04 1.22722130e-04 1.22721346e-04 1.15904234e-04
 1.29539198e-04 1.36357923e-04 1.15904234e-04 1.56810609e-04
 1.09086338e-04 1.36357051e-04 1.43175819e-04 1.15903493e-04
 9.54505458e-05 1.43175819e-04 1.56810609e-04 7.49968574e-05
 1.15903493e-04 1.02268442e-04 6.81789613e-05 8.18142306e-05
 8.86326496e-05 8.18142306e-05 6.81789613e-05 6.13610651e-05
 6.13606729e-05 8.18147535e-05 6.13606729e-05 3.40894806e-05
 4.77252729e-05 5.45429947e-05 8.86323664e-05 4.09072460e-05
 1.22721738e-04 1.15903864e-04 8.18144920e-05 5.45431690e-05
 1.22721738e-04 1.63628984e-04 1.97718356e-04 2.86350722e-04
 4.15891664e-04 5.72701444e-04 7.09058931e-04 1.11131352e-03
 1.22721738e-03 1.68402034e-03 1.93627631e-03 2.36580239e-03
 3.15667582e-03 3.96118499e-03 4.86797783e-03 6.38153038e-03
 7.43830090e-03 9.60638494e-03 1.17608332e-02 1.55993463e-02
 1.76855660e-02 2.23967172e-02 2.79123775e-02 3.44030489e-02
 4.11049644e-02 4.98387410e-02 5.98813903e-02 7.37421288e-02
 8.49781215e-02 1.03802137e-01 1.21269531e-01 1.41716562e-01
 1.67358361e-01 1.92748279e-01 2.24308245e-01 2.54831893e-01
 2.91048470e-01 3.25873940e-01 3.64245227e-01 4.02602619e-01
 4.37510164e-01 4.75246938e-01 5.09234259e-01 5.38987271e-01
 5.65113602e-01 5.79969646e-01 5.90414636e-01 5.93332687e-01
 5.80883242e-01 5.64036264e-01 5.39614623e-01 5.04420836e-01
 4.71633463e-01 4.29901410e-01 3.94802965e-01 3.53956764e-01
 3.16513251e-01 2.78735379e-01 2.43439216e-01 2.12097422e-01
 1.82869025e-01 1.57949947e-01 1.34980276e-01 1.12569923e-01
 9.70253247e-02 8.01100234e-02 6.77152361e-02 5.54634077e-02
 4.62320059e-02 3.75938192e-02 3.13622219e-02 2.62693118e-02
 2.04195336e-02 1.66356134e-02 1.33425801e-02 1.08881801e-02
 8.91096176e-03 7.19285742e-03 5.53611396e-03 4.39752895e-03
 3.29304383e-03 2.77487485e-03 2.16808404e-03 1.47266086e-03
 1.11813139e-03 8.99959412e-04 6.68153820e-04 5.72701444e-04
 4.09072460e-04 3.40893717e-04 2.38625602e-04 1.90901092e-04
 1.02268115e-04 8.18144920e-05 8.18144920e-05 3.40893717e-05
 5.45431690e-05 2.04536230e-05 1.36357487e-05 1.36357487e-05
 1.36357487e-05 6.81789613e-06 6.81785255e-06 6.81789613e-06]
[-3.2938225  -2.8820946  -2.470367   -2.058639   -1.6469113  -1.2351835
 -0.82345563 -0.41172782  0.          0.41172782  0.82345563  1.2351835
  1.6469113   2.058639    2.470367    2.8820946 ]
