[ 0.10068762  0.08975342 -0.22717759 ... -1.3322328   0.12658706
 -0.05595993]
[ 0.         0.        -0.3750634 ... -1.5002536  0.        -0.       ]
[3.45075609e-05 1.72537805e-04 6.90151219e-05 6.90151219e-05
 1.03521301e-04 1.38030244e-04 6.90151219e-05 1.38030244e-04
 1.72537805e-04 1.38030244e-04 6.90151219e-05 6.90151219e-05
 3.45075609e-05 6.90142009e-05 6.90151219e-05 6.90151219e-05
 6.90151219e-05 1.72537805e-04 6.90151219e-05 3.45075609e-05
 3.45075609e-05 1.03521301e-04 2.76060487e-04 1.72537805e-04
 1.38030244e-04 6.90151219e-05 2.07045366e-04 2.07045366e-04
 1.03522683e-04 3.45075609e-05 2.41549703e-04 1.72537805e-04
 1.38030244e-04 3.45075609e-04 1.38030244e-04 3.10568048e-04
 3.45075609e-04 3.79583170e-04 2.07045366e-04 3.79578105e-04
 4.48598292e-04 7.24658780e-04 4.14090731e-04 2.41552927e-04
 2.07045366e-04 1.38030244e-04 3.10568048e-04 1.03522683e-04
 1.72535502e-04 3.10568048e-04 1.03522683e-04 1.72537805e-04
 1.38030244e-04 1.72537805e-04 6.90151219e-05 1.38030244e-04
 1.72535502e-04 2.07045366e-04 1.38030244e-04 2.07045366e-04
 1.03522683e-04 1.03522683e-04 1.03522683e-04 1.38030244e-04
 2.41552927e-04 6.90142009e-05 1.72537805e-04 1.38030244e-04
 2.76060487e-04 1.38030244e-04 3.45075609e-04 4.48598292e-04
 2.76060487e-04 2.07045366e-04 1.72535502e-04 2.41552927e-04
 3.10568048e-04 1.38030244e-04 1.72537805e-04 2.76060487e-04
 1.03522683e-04 1.72537805e-04 1.72537805e-04 3.10563904e-04
 2.07045366e-04 1.38030244e-04 2.41552927e-04 2.07045366e-04
 3.45075609e-05 1.03522683e-04 3.45075609e-05 0.00000000e+00
 1.38030244e-04 3.45075609e-05 1.03521992e-04 0.00000000e+00
 0.00000000e+00 1.03522683e-04 1.38029323e-04 3.45075609e-05
 1.03522683e-04 6.90151219e-05 3.45073307e-05 1.38030244e-04
 3.45075609e-05 1.03522683e-04 3.45075609e-05 0.00000000e+00
 6.90151219e-05 6.90151219e-05 0.00000000e+00 6.90146614e-05
 3.45075609e-05 3.45075609e-05 3.45075609e-05 0.00000000e+00
 0.00000000e+00 1.03522683e-04 3.45075609e-05 3.45075609e-05
 0.00000000e+00 3.45075609e-05 3.45075609e-05 0.00000000e+00
 0.00000000e+00 0.00000000e+00 0.00000000e+00 0.00000000e+00
 0.00000000e+00 3.45073307e-05 0.00000000e+00 3.45075609e-05
 3.45075609e-05 6.90146614e-05 3.45075609e-05 0.00000000e+00
 3.45075609e-05 3.45073307e-05 0.00000000e+00 0.00000000e+00
 3.45075609e-05 0.00000000e+00 0.00000000e+00 0.00000000e+00
 0.00000000e+00 0.00000000e+00 0.00000000e+00 0.00000000e+00
 0.00000000e+00 0.00000000e+00 3.45075609e-05 0.00000000e+00
 3.45074458e-05 0.00000000e+00 6.90148916e-05 0.00000000e+00
 0.00000000e+00 3.45075609e-05 1.03522337e-04 2.07045366e-04
 1.38029783e-04 4.14090731e-04 3.10568048e-04 2.07044675e-04
 5.17613414e-04 6.90148916e-04 1.10424195e-03 1.41480528e-03
 1.24227219e-03 2.45002865e-03 2.86412756e-03 3.38172969e-03
 4.24442999e-03 6.14232535e-03 6.38389877e-03 9.35153341e-03
 1.08698636e-02 1.65981091e-02 2.01178745e-02 2.51559700e-02
 3.06772217e-02 3.77857162e-02 4.78964147e-02 5.74895006e-02
 7.02917844e-02 8.68553860e-02 1.02970390e-01 1.24503072e-01
 1.45897724e-01 1.74297545e-01 2.06216840e-01 2.34616515e-01
 2.70780379e-01 3.20885274e-01 3.57187465e-01 3.96284169e-01
 4.40798848e-01 4.89143860e-01 5.19959061e-01 5.60057013e-01
 6.04088354e-01 6.19168262e-01 6.37008579e-01 6.44496775e-01
 6.40390381e-01 6.30348695e-01 6.05951759e-01 5.72652257e-01
 5.32933882e-01 4.92007983e-01 4.40971386e-01 4.05532180e-01
 3.54116295e-01 3.12672488e-01 2.72816322e-01 2.38205296e-01
 2.00212535e-01 1.75643339e-01 1.45345604e-01 1.21811487e-01
 1.02901375e-01 8.19553205e-02 7.01192468e-02 5.86627557e-02
 4.54808894e-02 3.59913260e-02 3.09532822e-02 2.43622974e-02
 1.83924993e-02 1.54938690e-02 1.32163738e-02 9.83463846e-03
 6.90151219e-03 5.79725090e-03 4.62401316e-03 2.96764034e-03
 2.72609731e-03 2.27749142e-03 1.86340829e-03 1.13874571e-03
 1.10424195e-03 1.13874571e-03 6.55643658e-04 3.45074458e-04
 2.41552927e-04 1.38030244e-04 1.03522337e-04 1.03522683e-04
 0.00000000e+00 1.38030244e-04 0.00000000e+00 0.00000000e+00
 6.90148916e-05 0.00000000e+00 0.00000000e+00 3.45075609e-05]
[-3.000507  -2.6254437 -2.2503803 -1.875317  -1.5002536 -1.1251901
 -0.7501268 -0.3750634  0.         0.3750634  0.7501268  1.1251901
  1.5002536  1.875317   2.2503803  2.6254437]
