[ 0.48134875 -0.20959121 -0.21149427 ...  0.4808076  -0.63804513
  0.32501382]
[ 0.47429657 -0.         -0.         ...  0.47429657 -0.47429657
  0.47429657]
[6.55014572e-05 3.27507286e-05 9.82508659e-05 3.27507286e-05
 0.00000000e+00 0.00000000e+00 0.00000000e+00 0.00000000e+00
 0.00000000e+00 0.00000000e+00 3.27507286e-05 0.00000000e+00
 0.00000000e+00 0.00000000e+00 0.00000000e+00 0.00000000e+00
 0.00000000e+00 0.00000000e+00 0.00000000e+00 0.00000000e+00
 0.00000000e+00 0.00000000e+00 0.00000000e+00 0.00000000e+00
 0.00000000e+00 0.00000000e+00 9.82521857e-05 3.27507286e-05
 6.55005773e-05 6.55014572e-05 3.27507286e-05 3.27507286e-05
 0.00000000e+00 0.00000000e+00 3.27507286e-05 0.00000000e+00
 3.27507286e-05 0.00000000e+00 3.27507286e-05 6.55014572e-05
 0.00000000e+00 0.00000000e+00 0.00000000e+00 3.27507286e-05
 0.00000000e+00 0.00000000e+00 0.00000000e+00 0.00000000e+00
 0.00000000e+00 3.27507286e-05 0.00000000e+00 0.00000000e+00
 3.27507286e-05 6.55014572e-05 1.63753643e-04 3.27502886e-05
 3.27507286e-05 3.27507286e-05 0.00000000e+00 0.00000000e+00
 3.27502886e-05 3.27507286e-05 9.82521857e-05 0.00000000e+00
 6.55005773e-05 6.55014572e-05 1.96504371e-04 1.31002914e-04
 6.55014572e-05 6.55005773e-05 9.82521857e-05 3.27507286e-05
 6.55014572e-05 3.27502886e-05 3.27507286e-05 3.27507286e-05
 0.00000000e+00 3.27502886e-05 9.82521857e-05 1.31002914e-04
 9.82521857e-05 1.63753643e-04 1.31001155e-04 1.31002914e-04
 9.82521857e-05 1.31002034e-04 6.55014572e-05 2.29253560e-04
 9.82521857e-05 3.27507286e-05 6.55010172e-05 6.55014572e-05
 1.31002034e-04 6.55014572e-05 3.27505086e-05 6.55014572e-05
 6.55010172e-05 6.55014572e-05 3.27507286e-05 9.82515258e-05
 9.82521857e-05 6.55010172e-05 1.31002914e-04 9.82515258e-05
 6.55014572e-05 1.96503052e-04 1.96504371e-04 2.29253560e-04
 9.82521857e-05 0.00000000e+00 1.31002034e-04 1.63753643e-04
 1.96503052e-04 1.63753643e-04 1.96503052e-04 2.62005829e-04
 9.82515258e-05 1.96504371e-04 1.31002914e-04 1.96503052e-04
 4.25759471e-04 5.24008138e-04 2.94756557e-04 3.60255595e-04
 1.96504371e-04 3.60255595e-04 4.58510200e-04 1.63752543e-04
 1.96504371e-04 2.29255100e-04 1.96503052e-04 1.96504371e-04
 1.31002034e-04 6.55014572e-05 9.82515258e-05 1.31002914e-04
 6.55010172e-05 1.96504371e-04 1.31002914e-04 1.96503052e-04
 1.31002474e-04 1.96503712e-04 1.31002914e-04 2.29254330e-04
 1.63753093e-04 1.63753093e-04 2.29254330e-04 4.25758042e-04
 2.94755567e-04 1.31002474e-04 3.93007423e-04 3.60256805e-04
 6.55014572e-04 8.18765465e-04 8.18765465e-04 1.34277536e-03
 2.03053835e-03 2.42354578e-03 2.91480505e-03 3.60256805e-03
 4.32308165e-03 5.73135825e-03 6.55014572e-03 8.54791145e-03
 9.85793620e-03 1.23469832e-02 1.55892944e-02 1.95848699e-02
 2.34166923e-02 2.99341157e-02 3.52396656e-02 4.33618190e-02
 5.05669551e-02 6.27829358e-02 6.99881894e-02 8.30555687e-02
 9.49440433e-02 1.08666552e-01 1.26450138e-01 1.41089902e-01
 1.62082811e-01 1.85728758e-01 2.12682517e-01 2.39145218e-01
 2.60956929e-01 2.83686096e-01 3.12571904e-01 3.39918670e-01
 3.60682865e-01 3.86064292e-01 4.16293288e-01 4.37974206e-01
 4.61882168e-01 4.78159132e-01 4.94207042e-01 4.98137066e-01
 5.05309453e-01 5.15232894e-01 5.02984106e-01 5.04032232e-01
 4.81663449e-01 4.73312139e-01 4.53399754e-01 4.44065824e-01
 4.14164323e-01 3.83444564e-01 3.56785239e-01 3.29962482e-01
 2.92954529e-01 2.62266954e-01 2.40094986e-01 2.09603959e-01
 1.86220017e-01 1.61820806e-01 1.40434888e-01 1.22945822e-01
 9.95291299e-02 8.73131492e-02 7.18876078e-02 5.69206707e-02
 5.01739477e-02 4.10365251e-02 3.37658878e-02 2.72485604e-02
 2.28271812e-02 1.89953588e-02 1.63753093e-02 1.24124844e-02
 1.09387066e-02 7.79464722e-03 6.09161506e-03 5.07636293e-03
 4.87984217e-03 3.34056310e-03 2.98030629e-03 1.99778773e-03
 1.93228650e-03 1.70303217e-03 1.63753093e-03 8.18765465e-04
 9.49767939e-04 8.51518943e-04 1.01526918e-03 7.53264228e-04
 4.91259279e-04 3.60256805e-04 2.62004949e-04 2.62004949e-04
 1.63753093e-04 1.31002474e-04 6.55012372e-05 0.00000000e+00
 3.27506186e-05 0.00000000e+00 3.27505086e-05 9.82521857e-05]
[-3.7943726  -3.320076   -2.8457794  -2.3714828  -1.8971863  -1.4228897
 -0.94859314 -0.47429657 -0.          0.47429657  0.94859314  1.4228897
  1.8971863   2.3714828   2.8457794   3.320076  ]
