[ 0.00637213 -0.01959323  0.01032766 ...  0.06910517 -0.03657848
 -0.00138889]
[ 0.         -0.01964749  0.01964749 ...  0.07858997 -0.03929498
 -0.        ]
[1.67162932e-04 0.00000000e+00 0.00000000e+00 0.00000000e+00
 0.00000000e+00 0.00000000e+00 0.00000000e+00 0.00000000e+00
 1.67162932e-04 3.34325863e-04 1.67162932e-04 0.00000000e+00
 0.00000000e+00 0.00000000e+00 0.00000000e+00 0.00000000e+00
 1.67162932e-04 1.67162932e-04 0.00000000e+00 0.00000000e+00
 0.00000000e+00 3.34327828e-04 1.67162932e-04 0.00000000e+00
 0.00000000e+00 0.00000000e+00 1.67162932e-04 0.00000000e+00
 0.00000000e+00 0.00000000e+00 0.00000000e+00 1.67162932e-04
 0.00000000e+00 0.00000000e+00 0.00000000e+00 3.34325863e-04
 3.34325863e-04 1.67162932e-04 1.67162932e-04 3.34327828e-04
 3.34325863e-04 3.34325863e-04 1.67162932e-04 5.01488795e-04
 0.00000000e+00 3.34327828e-04 1.67162932e-04 0.00000000e+00
 6.68651726e-04 8.35814658e-04 8.35814658e-04 5.01491742e-04
 8.35814658e-04 8.35814658e-04 1.33730345e-03 1.00297759e-03
 2.17311811e-03 1.67163914e-03 1.50446638e-03 2.84176984e-03
 2.50744397e-03 2.34028104e-03 4.51339915e-03 4.01191036e-03
 8.85968744e-03 8.69247244e-03 1.22028940e-02 1.11999164e-02
 1.98924473e-02 2.05610406e-02 2.57430915e-02 3.42685017e-02
 4.02862665e-02 5.36593010e-02 6.46922446e-02 8.17426736e-02
 1.01802225e-01 1.21527808e-01 1.50780964e-01 1.81873270e-01
 2.21658699e-01 2.75317348e-01 3.25967717e-01 3.85144526e-01
 4.97978373e-01 5.67685316e-01 7.06432625e-01 7.97032858e-01
 9.72888262e-01 1.15259180e+00 1.33412736e+00 1.57032858e+00
 1.79901276e+00 2.07215170e+00 2.44024448e+00 2.75869391e+00
 3.09853665e+00 3.51727524e+00 3.95374347e+00 4.36446339e+00
 4.90272162e+00 5.40689297e+00 5.91456754e+00 6.49896046e+00
 7.07618445e+00 7.66776931e+00 8.26788467e+00 8.79579206e+00
 9.30947766e+00 9.80611910e+00 1.03567618e+01 1.07619574e+01
 1.12067824e+01 1.14749079e+01 1.17955309e+01 1.20690076e+01
 1.21358728e+01 1.22540582e+01 1.22288166e+01 1.20716822e+01
 1.19207361e+01 1.16900467e+01 1.14747449e+01 1.10812429e+01
 1.06685133e+01 1.01329229e+01 9.66336895e+00 9.02045274e+00
 8.56092151e+00 7.95596426e+00 7.41518593e+00 6.81156515e+00
 6.24069373e+00 5.74105216e+00 5.19392708e+00 4.62773860e+00
 4.21535384e+00 3.75715957e+00 3.34710338e+00 2.98820896e+00
 2.62579919e+00 2.23781017e+00 1.99358805e+00 1.73832733e+00
 1.48507985e+00 1.27244424e+00 1.11547824e+00 9.35446514e-01
 7.94859740e-01 6.79182991e-01 5.62337754e-01 4.62539832e-01
 3.93501541e-01 3.28476126e-01 2.72642741e-01 2.25669958e-01
 1.89897648e-01 1.50613801e-01 1.23700569e-01 9.94619443e-02
 7.53907037e-02 6.43577287e-02 5.28234864e-02 3.67759530e-02
 3.77788225e-02 2.80833725e-02 1.85551399e-02 1.85551399e-02
 1.45431751e-02 9.86261297e-03 8.19098365e-03 7.52233192e-03
 5.85070261e-03 4.68058959e-03 3.67758450e-03 2.67460691e-03
 2.67460691e-03 1.50446638e-03 2.00595518e-03 5.01491742e-04
 1.00297759e-03 5.01488795e-04 1.33730345e-03 1.50446638e-03
 1.50446638e-03 6.68655656e-04 8.35814658e-04 1.67162932e-04
 1.67162932e-04 3.34325863e-04 5.01488795e-04 5.01491742e-04
 3.34325863e-04 1.67162932e-04 1.67162932e-04 8.35814658e-04
 3.34325863e-04 0.00000000e+00 1.67163914e-04 1.67162932e-04
 0.00000000e+00 0.00000000e+00 1.67162932e-04 1.67162932e-04
 0.00000000e+00 0.00000000e+00 0.00000000e+00 0.00000000e+00
 1.67162932e-04 1.67162932e-04 1.67163914e-04 0.00000000e+00
 1.67162932e-04 0.00000000e+00 0.00000000e+00 0.00000000e+00
 0.00000000e+00 0.00000000e+00 0.00000000e+00 0.00000000e+00
 0.00000000e+00 0.00000000e+00 1.67162932e-04 0.00000000e+00
 0.00000000e+00 0.00000000e+00 0.00000000e+00 0.00000000e+00
 0.00000000e+00 0.00000000e+00 0.00000000e+00 1.67162932e-04
 0.00000000e+00 0.00000000e+00 0.00000000e+00 0.00000000e+00
 0.00000000e+00 0.00000000e+00 0.00000000e+00 0.00000000e+00
 1.67162932e-04 0.00000000e+00 0.00000000e+00 0.00000000e+00
 0.00000000e+00 0.00000000e+00 0.00000000e+00 0.00000000e+00
 0.00000000e+00 0.00000000e+00 0.00000000e+00 0.00000000e+00
 0.00000000e+00 1.67162932e-04 0.00000000e+00 1.67162932e-04]
[-0.15717994 -0.13753244 -0.11788495 -0.09823746 -0.07858997 -0.05894247
 -0.03929498 -0.01964749  0.          0.01964749  0.03929498  0.05894247
  0.07858997  0.09823746  0.11788495  0.13753244]
