[ 0.01807939 -0.02095374 -0.04192212 ...  0.05812092 -0.03021488
 -0.05898424]
[ 0.0218824  -0.0218824  -0.04376481 ...  0.06564721 -0.0218824
 -0.06564721]
[7.07481730e-05 0.00000000e+00 0.00000000e+00 0.00000000e+00
 0.00000000e+00 0.00000000e+00 0.00000000e+00 0.00000000e+00
 0.00000000e+00 0.00000000e+00 0.00000000e+00 0.00000000e+00
 0.00000000e+00 0.00000000e+00 0.00000000e+00 0.00000000e+00
 0.00000000e+00 0.00000000e+00 0.00000000e+00 0.00000000e+00
 0.00000000e+00 0.00000000e+00 0.00000000e+00 0.00000000e+00
 0.00000000e+00 0.00000000e+00 7.07488769e-05 0.00000000e+00
 0.00000000e+00 0.00000000e+00 0.00000000e+00 0.00000000e+00
 0.00000000e+00 0.00000000e+00 0.00000000e+00 0.00000000e+00
 0.00000000e+00 7.07481730e-05 0.00000000e+00 0.00000000e+00
 0.00000000e+00 0.00000000e+00 0.00000000e+00 0.00000000e+00
 0.00000000e+00 0.00000000e+00 0.00000000e+00 7.07488769e-05
 0.00000000e+00 0.00000000e+00 0.00000000e+00 0.00000000e+00
 0.00000000e+00 0.00000000e+00 0.00000000e+00 0.00000000e+00
 0.00000000e+00 7.07485249e-05 0.00000000e+00 0.00000000e+00
 0.00000000e+00 0.00000000e+00 0.00000000e+00 0.00000000e+00
 0.00000000e+00 7.07485249e-05 0.00000000e+00 0.00000000e+00
 1.41497050e-04 0.00000000e+00 0.00000000e+00 0.00000000e+00
 7.07485249e-05 0.00000000e+00 7.07481730e-05 0.00000000e+00
 0.00000000e+00 7.07485249e-05 7.07485249e-05 2.12245575e-04
 7.07485249e-05 0.00000000e+00 7.07485249e-05 2.82994100e-04
 1.41497050e-04 2.12245575e-04 1.41497050e-04 1.41497050e-04
 2.12245575e-04 3.53742625e-04 2.82994100e-04 4.24491150e-04
 4.24491150e-04 4.24491150e-04 2.82993396e-04 3.53742625e-04
 8.48982299e-04 2.82994100e-04 9.90479349e-04 4.24491150e-04
 9.19730824e-04 7.07483490e-04 7.07485249e-04 1.27347345e-03
 1.20272492e-03 1.34422197e-03 1.34422197e-03 8.48982299e-04
 1.41497050e-03 2.61769542e-03 3.39592920e-03 4.88164822e-03
 7.21633159e-03 1.29469801e-02 1.91021017e-02 2.97143805e-02
 5.15756747e-02 8.20682889e-02 1.30743274e-01 2.08920394e-01
 3.24169338e-01 5.12502315e-01 7.37482624e-01 1.07290138e+00
 1.49364286e+00 2.05630332e+00 2.73336926e+00 3.58786994e+00
 4.50760077e+00 5.53599788e+00 6.65205931e+00 7.75318694e+00
 8.80167975e+00 9.71242674e+00 1.04750957e+01 1.09248423e+01
 1.10515538e+01 1.09191833e+01 1.05430143e+01 9.84536167e+00
 8.94742167e+00 7.86723597e+00 6.76412076e+00 5.63137034e+00
 4.57311390e+00 3.60314939e+00 2.79647521e+00 2.09224613e+00
 1.52293275e+00 1.09341845e+00 7.52552060e-01 5.17879202e-01
 3.39946239e-01 2.24909561e-01 1.36756899e-01 8.44737388e-02
 4.87457337e-02 3.19075451e-02 2.00218326e-02 1.22394948e-02
 9.76329644e-03 6.72110987e-03 4.52790559e-03 2.90068952e-03
 2.19320427e-03 1.76870872e-03 1.98095870e-03 1.20272492e-03
 1.20272492e-03 6.36736724e-04 9.90479349e-04 8.48982299e-04
 5.65988199e-04 5.65988199e-04 7.07485249e-04 4.24491150e-04
 4.95238443e-04 6.36736724e-04 6.36738308e-04 6.36736724e-04
 7.07485249e-04 5.65985384e-04 2.82994100e-04 2.82994100e-04
 4.24491150e-04 3.53742625e-04 4.24491150e-04 2.12245575e-04
 2.12245575e-04 2.82994100e-04 7.07485249e-05 1.41497050e-04
 2.12245575e-04 2.82994100e-04 7.07485249e-05 7.07485249e-05
 7.07485249e-05 7.07485249e-05 0.00000000e+00 0.00000000e+00
 2.12245575e-04 7.07485249e-05 2.12244519e-04 7.07485249e-05
 7.07485249e-05 7.07485249e-05 0.00000000e+00 0.00000000e+00
 0.00000000e+00 0.00000000e+00 0.00000000e+00 0.00000000e+00
 0.00000000e+00 0.00000000e+00 0.00000000e+00 7.07485249e-05
 0.00000000e+00 0.00000000e+00 0.00000000e+00 0.00000000e+00
 0.00000000e+00 0.00000000e+00 0.00000000e+00 0.00000000e+00
 0.00000000e+00 7.07488769e-05 0.00000000e+00 0.00000000e+00
 0.00000000e+00 0.00000000e+00 0.00000000e+00 0.00000000e+00
 0.00000000e+00 0.00000000e+00 0.00000000e+00 0.00000000e+00
 0.00000000e+00 0.00000000e+00 0.00000000e+00 0.00000000e+00
 0.00000000e+00 0.00000000e+00 0.00000000e+00 0.00000000e+00
 7.07488769e-05 0.00000000e+00 0.00000000e+00 0.00000000e+00
 0.00000000e+00 0.00000000e+00 0.00000000e+00 0.00000000e+00
 0.00000000e+00 0.00000000e+00 0.00000000e+00 7.07481730e-05]
[-0.17505923 -0.15317683 -0.13129443 -0.10941201 -0.08752961 -0.06564721
 -0.04376481 -0.0218824   0.          0.0218824   0.04376481  0.06564721
  0.08752961  0.10941201  0.13129443  0.15317683]
