[-0.04988487 -0.00828103  0.0502874  ...  0.02918916 -0.04068965
  0.04212449]
[-0.04485995 -0.          0.04485995 ...  0.02242997 -0.04485995
  0.04485995]
[1.48603246e-04 0.00000000e+00 0.00000000e+00 0.00000000e+00
 0.00000000e+00 0.00000000e+00 0.00000000e+00 0.00000000e+00
 0.00000000e+00 0.00000000e+00 0.00000000e+00 0.00000000e+00
 0.00000000e+00 0.00000000e+00 0.00000000e+00 0.00000000e+00
 0.00000000e+00 0.00000000e+00 0.00000000e+00 0.00000000e+00
 0.00000000e+00 0.00000000e+00 0.00000000e+00 0.00000000e+00
 0.00000000e+00 0.00000000e+00 0.00000000e+00 0.00000000e+00
 0.00000000e+00 0.00000000e+00 0.00000000e+00 0.00000000e+00
 0.00000000e+00 0.00000000e+00 0.00000000e+00 0.00000000e+00
 0.00000000e+00 0.00000000e+00 0.00000000e+00 0.00000000e+00
 0.00000000e+00 0.00000000e+00 0.00000000e+00 0.00000000e+00
 0.00000000e+00 0.00000000e+00 0.00000000e+00 0.00000000e+00
 0.00000000e+00 1.48603246e-04 0.00000000e+00 0.00000000e+00
 0.00000000e+00 0.00000000e+00 0.00000000e+00 1.48603246e-04
 0.00000000e+00 0.00000000e+00 0.00000000e+00 0.00000000e+00
 0.00000000e+00 1.48603246e-04 0.00000000e+00 0.00000000e+00
 0.00000000e+00 0.00000000e+00 1.48603246e-04 0.00000000e+00
 0.00000000e+00 0.00000000e+00 0.00000000e+00 0.00000000e+00
 0.00000000e+00 0.00000000e+00 0.00000000e+00 0.00000000e+00
 1.48603246e-04 1.48603246e-04 2.97206491e-04 0.00000000e+00
 0.00000000e+00 2.97206491e-04 4.45809737e-04 2.97206491e-04
 4.45807408e-04 2.97206491e-04 4.45809737e-04 1.48603246e-04
 4.45809737e-04 1.48602469e-04 7.43016228e-04 1.04022272e-03
 1.04022272e-03 1.93183210e-03 2.22904868e-03 1.78323895e-03
 2.67485842e-03 2.52625517e-03 3.71506173e-03 5.05251035e-03
 4.01228763e-03 6.53854281e-03 1.12937877e-02 1.08480369e-02
 1.45631181e-02 1.54547375e-02 1.87240089e-02 2.40736000e-02
 2.86804264e-02 3.34357303e-02 5.03765003e-02 6.01841573e-02
 7.34100033e-02 8.66354659e-02 1.07737353e-01 1.30621912e-01
 1.54844582e-01 2.01654078e-01 2.42966307e-01 2.87398677e-01
 3.56646858e-01 4.19358359e-01 4.96927955e-01 5.82524723e-01
 7.00365267e-01 8.10927911e-01 9.69187836e-01 1.15449861e+00
 1.33728061e+00 1.52748877e+00 1.79557302e+00 2.05562333e+00
 2.30275589e+00 2.62626173e+00 3.00282186e+00 3.30745812e+00
 3.77422030e+00 4.19105186e+00 4.67089111e+00 5.11849019e+00
 5.56622450e+00 6.09465695e+00 6.60094755e+00 7.13740456e+00
 7.64934208e+00 8.18505608e+00 8.63235690e+00 9.12719942e+00
 9.49276293e+00 9.84138890e+00 1.01654923e+01 1.05108424e+01
 1.06282406e+01 1.08010660e+01 1.08457955e+01 1.09025619e+01
 1.08578323e+01 1.06943690e+01 1.05572100e+01 1.02280508e+01
 9.92608943e+00 9.60272919e+00 9.17446118e+00 8.75063929e+00
 8.29591395e+00 7.81028428e+00 7.31661984e+00 6.74197184e+00
 6.21487682e+00 5.73622639e+00 5.20393026e+00 4.67045141e+00
 4.24544058e+00 3.82950064e+00 3.44521315e+00 3.02110004e+00
 2.65865719e+00 2.37735162e+00 2.08564655e+00 1.82484309e+00
 1.57237094e+00 1.38096635e+00 1.18124720e+00 1.02551100e+00
 8.44658642e-01 7.43610641e-01 6.23983398e-01 5.28581745e-01
 4.17574029e-01 3.64523761e-01 2.95422481e-01 2.43709323e-01
 2.07450131e-01 1.67772626e-01 1.45928387e-01 1.15464420e-01
 9.76323324e-02 7.50444430e-02 6.09271715e-02 4.74044353e-02
 4.13117023e-02 3.47731595e-02 2.79374102e-02 1.93183210e-02
 1.56033408e-02 1.45631181e-02 1.30770856e-02 8.02453334e-03
 7.72736877e-03 5.34971684e-03 5.94412982e-03 4.01228763e-03
 3.86366420e-03 2.22904868e-03 2.08044544e-03 1.33742921e-03
 1.78323895e-03 5.94409877e-04 1.33742921e-03 8.91619474e-04
 8.91619474e-04 4.45807408e-04 1.48603246e-04 1.04022272e-03
 1.48603246e-04 1.48603246e-04 2.97204938e-04 1.48603246e-04
 2.97206491e-04 1.48603246e-04 0.00000000e+00 2.97206491e-04
 1.48603246e-04 1.48603246e-04 1.48603246e-04 1.48602469e-04
 1.48603246e-04 1.48603246e-04 1.48603246e-04 0.00000000e+00
 0.00000000e+00 1.48603246e-04 1.48602469e-04 0.00000000e+00
 0.00000000e+00 0.00000000e+00 0.00000000e+00 0.00000000e+00
 0.00000000e+00 0.00000000e+00 0.00000000e+00 0.00000000e+00
 0.00000000e+00 0.00000000e+00 0.00000000e+00 1.48603246e-04]
[-0.1794398  -0.15700983 -0.13457985 -0.11214987 -0.0897199  -0.06728993
 -0.04485995 -0.02242997  0.          0.02242997  0.04485995  0.06728993
  0.0897199   0.11214987  0.13457985  0.15700983]
