[ 0.01758892 -0.02067763 -0.04145274 ...  0.05796814 -0.03006232
 -0.05888159]
[ 0.02217332 -0.02217332 -0.04434664 ...  0.06651996 -0.02217332
 -0.06651996]
[7.07481730e-05 0.00000000e+00 0.00000000e+00 0.00000000e+00
 0.00000000e+00 0.00000000e+00 0.00000000e+00 0.00000000e+00
 0.00000000e+00 0.00000000e+00 0.00000000e+00 0.00000000e+00
 0.00000000e+00 0.00000000e+00 0.00000000e+00 0.00000000e+00
 0.00000000e+00 0.00000000e+00 0.00000000e+00 0.00000000e+00
 0.00000000e+00 0.00000000e+00 0.00000000e+00 0.00000000e+00
 0.00000000e+00 0.00000000e+00 7.07488769e-05 0.00000000e+00
 0.00000000e+00 0.00000000e+00 0.00000000e+00 0.00000000e+00
 0.00000000e+00 0.00000000e+00 0.00000000e+00 0.00000000e+00
 0.00000000e+00 7.07481730e-05 0.00000000e+00 0.00000000e+00
 0.00000000e+00 0.00000000e+00 0.00000000e+00 0.00000000e+00
 0.00000000e+00 0.00000000e+00 0.00000000e+00 7.07488769e-05
 0.00000000e+00 0.00000000e+00 0.00000000e+00 0.00000000e+00
 0.00000000e+00 0.00000000e+00 0.00000000e+00 0.00000000e+00
 0.00000000e+00 7.07485249e-05 0.00000000e+00 0.00000000e+00
 0.00000000e+00 0.00000000e+00 0.00000000e+00 0.00000000e+00
 0.00000000e+00 7.07485249e-05 0.00000000e+00 0.00000000e+00
 1.41497050e-04 0.00000000e+00 0.00000000e+00 0.00000000e+00
 7.07485249e-05 0.00000000e+00 7.07481730e-05 0.00000000e+00
 0.00000000e+00 7.07485249e-05 7.07485249e-05 2.12245575e-04
 7.07485249e-05 0.00000000e+00 7.07485249e-05 2.82994100e-04
 1.41497050e-04 2.12245575e-04 1.41497050e-04 1.41497050e-04
 2.12245575e-04 3.53742625e-04 2.82994100e-04 4.24491150e-04
 4.24491150e-04 4.24491150e-04 2.82993396e-04 3.53742625e-04
 8.48982299e-04 2.82994100e-04 9.90479349e-04 4.24491150e-04
 9.19730824e-04 7.07483490e-04 7.07485249e-04 1.27347345e-03
 1.20272492e-03 1.34422197e-03 1.34422197e-03 8.48982299e-04
 1.41497050e-03 2.54694690e-03 3.39592920e-03 4.95239674e-03
 7.35782829e-03 1.27347345e-02 1.89606047e-02 2.95728834e-02
 5.19294173e-02 8.17145463e-02 1.31026268e-01 2.08283657e-01
 3.25796552e-01 5.11087344e-01 7.36492144e-01 1.07417485e+00
 1.49626055e+00 2.05524209e+00 2.73386450e+00 3.58928491e+00
 4.50837900e+00 5.53246046e+00 6.65021985e+00 7.75927131e+00
 8.80309472e+00 9.70605937e+00 1.04750250e+01 1.09250546e+01
 1.10497850e+01 1.09202445e+01 1.05440048e+01 9.84882834e+00
 8.94254002e+00 7.87551355e+00 6.75181053e+00 5.63773771e+00
 4.57325540e+00 3.60152217e+00 2.79576772e+00 2.09578355e+00
 1.52165927e+00 1.09264022e+00 7.52339814e-01 5.17737705e-01
 3.39592497e-01 2.24909561e-01 1.37252138e-01 8.38370020e-02
 4.94532189e-02 3.19075451e-02 1.98095870e-02 1.20272492e-02
 9.90479349e-03 6.72110987e-03 4.52790559e-03 2.90068952e-03
 2.19320427e-03 1.76870872e-03 1.98095870e-03 1.20272492e-03
 1.20272492e-03 6.36736724e-04 9.90479349e-04 8.48982299e-04
 5.65988199e-04 5.65988199e-04 7.07485249e-04 4.24491150e-04
 4.95238443e-04 6.36736724e-04 6.36738308e-04 6.36736724e-04
 7.07485249e-04 5.65985384e-04 2.82994100e-04 2.82994100e-04
 4.24491150e-04 3.53742625e-04 4.24491150e-04 2.12245575e-04
 2.12245575e-04 2.82994100e-04 7.07485249e-05 1.41497050e-04
 2.12245575e-04 2.82994100e-04 7.07485249e-05 7.07485249e-05
 7.07485249e-05 7.07485249e-05 0.00000000e+00 0.00000000e+00
 2.12245575e-04 7.07485249e-05 2.12244519e-04 7.07485249e-05
 7.07485249e-05 7.07485249e-05 0.00000000e+00 0.00000000e+00
 0.00000000e+00 0.00000000e+00 0.00000000e+00 0.00000000e+00
 0.00000000e+00 0.00000000e+00 0.00000000e+00 7.07485249e-05
 0.00000000e+00 0.00000000e+00 0.00000000e+00 0.00000000e+00
 0.00000000e+00 0.00000000e+00 0.00000000e+00 0.00000000e+00
 0.00000000e+00 7.07488769e-05 0.00000000e+00 0.00000000e+00
 0.00000000e+00 0.00000000e+00 0.00000000e+00 0.00000000e+00
 0.00000000e+00 0.00000000e+00 0.00000000e+00 0.00000000e+00
 0.00000000e+00 0.00000000e+00 0.00000000e+00 0.00000000e+00
 0.00000000e+00 0.00000000e+00 0.00000000e+00 0.00000000e+00
 7.07488769e-05 0.00000000e+00 0.00000000e+00 0.00000000e+00
 0.00000000e+00 0.00000000e+00 0.00000000e+00 0.00000000e+00
 0.00000000e+00 0.00000000e+00 0.00000000e+00 7.07481730e-05]
[-0.17738657 -0.15521325 -0.13303992 -0.11086661 -0.08869328 -0.06651996
 -0.04434664 -0.02217332 -0.          0.02217332  0.04434664  0.06651996
  0.08869328  0.11086661  0.13303992  0.15521325]
