[-0.02043085  0.00403987  0.03944864 ... -0.04298522 -0.03617394
  0.05695445]
[-0.022018    0.          0.044036   ... -0.044036   -0.044036
  0.06605399]
[1.56691076e-04 0.00000000e+00 0.00000000e+00 0.00000000e+00
 0.00000000e+00 0.00000000e+00 0.00000000e+00 1.56692803e-04
 0.00000000e+00 0.00000000e+00 0.00000000e+00 1.56691076e-04
 1.56692803e-04 1.56691076e-04 0.00000000e+00 3.13382152e-04
 7.83464013e-04 0.00000000e+00 0.00000000e+00 0.00000000e+00
 3.13383879e-04 0.00000000e+00 1.56691939e-04 1.56691939e-04
 1.56691939e-04 3.13383879e-04 1.56691939e-04 3.13383879e-04
 1.56691939e-04 3.13382152e-04 6.26767757e-04 1.56691939e-04
 3.13383879e-04 4.70075818e-04 1.56691939e-04 4.70075818e-04
 3.13383879e-04 0.00000000e+00 6.26767757e-04 7.83459697e-04
 1.25352861e-03 6.26767757e-04 9.40151636e-04 7.83459697e-04
 3.13383879e-04 1.41022745e-03 4.70075818e-04 7.83459697e-04
 9.40151636e-04 2.19368715e-03 2.50707103e-03 3.29053073e-03
 3.44720368e-03 4.54406624e-03 5.79760176e-03 7.52121309e-03
 7.67790503e-03 9.40151636e-03 9.71490024e-03 1.66093456e-02
 1.91164166e-02 2.27203312e-02 2.69510136e-02 3.35318903e-02
 4.41872486e-02 4.98280367e-02 6.56537418e-02 7.59955906e-02
 9.85592299e-02 1.16422111e-01 1.59199010e-01 1.76278432e-01
 2.15137440e-01 2.54624401e-01 3.16204334e-01 3.83895251e-01
 4.58323923e-01 5.33065978e-01 6.33973840e-01 7.62306285e-01
 8.90636983e-01 1.02116137e+00 1.21545937e+00 1.41508490e+00
 1.63523258e+00 1.84771135e+00 2.09559800e+00 2.41791332e+00
 2.70449915e+00 3.10453739e+00 3.43359047e+00 3.81199625e+00
 4.26123729e+00 4.69229682e+00 5.16502928e+00 5.61035489e+00
 6.13966026e+00 6.63573780e+00 7.13966822e+00 7.58905547e+00
 8.06415066e+00 8.55882122e+00 9.08232863e+00 9.42187983e+00
 9.84793170e+00 1.00835894e+01 1.04457078e+01 1.06937511e+01
 1.09198537e+01 1.09145290e+01 1.10658924e+01 1.10049393e+01
 1.10232722e+01 1.08039036e+01 1.06205760e+01 1.03700221e+01
 1.00420730e+01 9.68935278e+00 9.20157111e+00 8.89430455e+00
 8.43628821e+00 7.93565780e+00 7.60347636e+00 6.99236816e+00
 6.47780147e+00 5.98845254e+00 5.50081965e+00 5.00818777e+00
 4.58950690e+00 4.10673338e+00 3.70748798e+00 3.31011722e+00
 2.96382395e+00 2.60829402e+00 2.30619196e+00 2.02148271e+00
 1.77656832e+00 1.53150702e+00 1.34629714e+00 1.14009055e+00
 1.00032134e+00 8.79511856e-01 7.32689490e-01 6.13605635e-01
 4.96870140e-01 4.36700435e-01 3.54593859e-01 3.05549282e-01
 2.56503998e-01 2.06049900e-01 1.73928053e-01 1.37262139e-01
 1.19399258e-01 9.35450878e-02 7.83457539e-02 5.92295531e-02
 5.07681884e-02 3.85461109e-02 3.30619992e-02 2.85179330e-02
 1.86463408e-02 1.72361133e-02 1.48857342e-02 1.31621229e-02
 1.26920471e-02 5.95429370e-03 5.64090982e-03 3.91729848e-03
 5.95426090e-03 1.88030327e-03 3.29053073e-03 2.35037909e-03
 2.19368715e-03 1.88030327e-03 2.19368715e-03 1.09684358e-03
 1.56691939e-03 1.09684358e-03 9.40151636e-04 1.25353551e-03
 7.83455381e-04 7.83459697e-04 7.83459697e-04 4.70075818e-04
 1.56691939e-04 3.13383879e-04 1.56691939e-04 4.70075818e-04
 4.70075818e-04 3.13383879e-04 6.26767757e-04 0.00000000e+00
 3.13382152e-04 1.56691939e-04 0.00000000e+00 3.13383879e-04
 3.13383879e-04 1.56691939e-04 1.56691939e-04 4.70075818e-04
 1.56691939e-04 1.56691939e-04 0.00000000e+00 0.00000000e+00
 0.00000000e+00 0.00000000e+00 1.56692803e-04 1.56691076e-04
 0.00000000e+00 0.00000000e+00 1.56691076e-04 1.56692803e-04
 0.00000000e+00 0.00000000e+00 0.00000000e+00 1.56692803e-04
 0.00000000e+00 0.00000000e+00 1.56691076e-04 1.56692803e-04
 0.00000000e+00 3.13382152e-04 0.00000000e+00 0.00000000e+00
 0.00000000e+00 0.00000000e+00 0.00000000e+00 0.00000000e+00
 0.00000000e+00 1.56691076e-04 0.00000000e+00 1.56691076e-04
 0.00000000e+00 0.00000000e+00 0.00000000e+00 0.00000000e+00
 1.56691076e-04 0.00000000e+00 0.00000000e+00 0.00000000e+00
 0.00000000e+00 0.00000000e+00 0.00000000e+00 0.00000000e+00
 0.00000000e+00 0.00000000e+00 0.00000000e+00 0.00000000e+00
 0.00000000e+00 0.00000000e+00 0.00000000e+00 0.00000000e+00
 0.00000000e+00 0.00000000e+00 0.00000000e+00 1.56691076e-04]
[-0.17614399 -0.15412599 -0.13210799 -0.11008999 -0.08807199 -0.06605399
 -0.044036   -0.022018    0.          0.022018    0.044036    0.06605399
  0.08807199  0.11008999  0.13210799  0.15412599]
