[ 0.01758521 -0.02067615 -0.04144942 ...  0.05797256 -0.03006137
 -0.05888287]
[ 0.02217565 -0.02217565 -0.04435129 ...  0.06652693 -0.02217565
 -0.06652693]
[7.07481730e-05 0.00000000e+00 0.00000000e+00 0.00000000e+00
 0.00000000e+00 0.00000000e+00 0.00000000e+00 0.00000000e+00
 0.00000000e+00 0.00000000e+00 0.00000000e+00 0.00000000e+00
 0.00000000e+00 0.00000000e+00 0.00000000e+00 0.00000000e+00
 0.00000000e+00 0.00000000e+00 0.00000000e+00 0.00000000e+00
 0.00000000e+00 0.00000000e+00 0.00000000e+00 0.00000000e+00
 0.00000000e+00 0.00000000e+00 7.07488769e-05 0.00000000e+00
 0.00000000e+00 0.00000000e+00 0.00000000e+00 0.00000000e+00
 0.00000000e+00 0.00000000e+00 0.00000000e+00 0.00000000e+00
 0.00000000e+00 7.07481730e-05 0.00000000e+00 0.00000000e+00
 0.00000000e+00 0.00000000e+00 0.00000000e+00 0.00000000e+00
 0.00000000e+00 0.00000000e+00 0.00000000e+00 7.07488769e-05
 0.00000000e+00 0.00000000e+00 0.00000000e+00 0.00000000e+00
 0.00000000e+00 0.00000000e+00 0.00000000e+00 0.00000000e+00
 0.00000000e+00 7.07485249e-05 0.00000000e+00 0.00000000e+00
 0.00000000e+00 0.00000000e+00 0.00000000e+00 0.00000000e+00
 0.00000000e+00 7.07485249e-05 0.00000000e+00 0.00000000e+00
 1.41497050e-04 0.00000000e+00 0.00000000e+00 0.00000000e+00
 7.07485249e-05 0.00000000e+00 7.07481730e-05 0.00000000e+00
 0.00000000e+00 7.07485249e-05 7.07485249e-05 2.12245575e-04
 7.07485249e-05 0.00000000e+00 7.07485249e-05 2.82994100e-04
 1.41497050e-04 2.12245575e-04 1.41497050e-04 1.41497050e-04
 2.12245575e-04 3.53742625e-04 2.82994100e-04 4.24491150e-04
 4.24491150e-04 4.24491150e-04 2.82993396e-04 3.53742625e-04
 8.48982299e-04 2.82994100e-04 9.90479349e-04 4.24491150e-04
 9.19730824e-04 7.07483490e-04 7.07485249e-04 1.27347345e-03
 1.20272492e-03 1.34422197e-03 1.27347345e-03 9.19730824e-04
 1.41497050e-03 2.54694690e-03 3.39592920e-03 4.95239674e-03
 7.35782829e-03 1.26639860e-02 1.90313532e-02 2.97143805e-02
 5.16464232e-02 8.20682889e-02 1.30884771e-01 2.08283657e-01
 3.25867301e-01 5.10945847e-01 7.36916636e-01 1.07410411e+00
 1.49597756e+00 2.05481760e+00 2.73329851e+00 3.58949716e+00
 4.50753002e+00 5.53274345e+00 6.65149332e+00 7.75934206e+00
 8.80337772e+00 9.70634237e+00 1.04731148e+01 1.09270355e+01
 1.10509878e+01 1.09181928e+01 1.05449245e+01 9.84783786e+00
 8.94388424e+00 7.87332034e+00 6.75244727e+00 5.63851594e+00
 4.57332615e+00 3.60159292e+00 2.79428200e+00 2.09719852e+00
 1.52130553e+00 1.09271097e+00 7.52198317e-01 5.17737705e-01
 3.39592497e-01 2.24909561e-01 1.37252138e-01 8.37662535e-02
 4.94532189e-02 3.19782935e-02 1.98095870e-02 1.20272492e-02
 9.90479349e-03 6.72110987e-03 4.52790559e-03 2.90068952e-03
 2.19320427e-03 1.76870872e-03 1.98095870e-03 1.20272492e-03
 1.20272492e-03 6.36736724e-04 9.90479349e-04 8.48982299e-04
 5.65988199e-04 5.65988199e-04 7.07485249e-04 4.24491150e-04
 4.95238443e-04 6.36736724e-04 6.36738308e-04 6.36736724e-04
 7.07485249e-04 5.65985384e-04 2.82994100e-04 2.82994100e-04
 4.24491150e-04 3.53742625e-04 4.24491150e-04 2.12245575e-04
 2.12245575e-04 2.82994100e-04 7.07485249e-05 1.41497050e-04
 2.12245575e-04 2.82994100e-04 7.07485249e-05 7.07485249e-05
 7.07485249e-05 7.07485249e-05 0.00000000e+00 0.00000000e+00
 2.12245575e-04 7.07485249e-05 2.12244519e-04 7.07485249e-05
 7.07485249e-05 7.07485249e-05 0.00000000e+00 0.00000000e+00
 0.00000000e+00 0.00000000e+00 0.00000000e+00 0.00000000e+00
 0.00000000e+00 0.00000000e+00 0.00000000e+00 7.07485249e-05
 0.00000000e+00 0.00000000e+00 0.00000000e+00 0.00000000e+00
 0.00000000e+00 0.00000000e+00 0.00000000e+00 0.00000000e+00
 0.00000000e+00 7.07488769e-05 0.00000000e+00 0.00000000e+00
 0.00000000e+00 0.00000000e+00 0.00000000e+00 0.00000000e+00
 0.00000000e+00 0.00000000e+00 0.00000000e+00 0.00000000e+00
 0.00000000e+00 0.00000000e+00 0.00000000e+00 0.00000000e+00
 0.00000000e+00 0.00000000e+00 0.00000000e+00 0.00000000e+00
 7.07488769e-05 0.00000000e+00 0.00000000e+00 0.00000000e+00
 0.00000000e+00 0.00000000e+00 0.00000000e+00 0.00000000e+00
 0.00000000e+00 0.00000000e+00 0.00000000e+00 7.07481730e-05]
[-0.17740516 -0.15522952 -0.13305387 -0.11087823 -0.08870258 -0.06652693
 -0.04435129 -0.02217565  0.          0.02217565  0.04435129  0.06652693
  0.08870258  0.11087823  0.13305387  0.15522952]
