[ 0.01884154  0.0173958  -0.03070124 ...  0.01238696  0.07882232
 -0.00992455]
[ 0.02240571  0.02240571 -0.02240571 ...  0.02240571  0.08962286
 -0.        ]
[2.03305299e-04 0.00000000e+00 0.00000000e+00 0.00000000e+00
 0.00000000e+00 0.00000000e+00 0.00000000e+00 0.00000000e+00
 0.00000000e+00 0.00000000e+00 0.00000000e+00 0.00000000e+00
 0.00000000e+00 0.00000000e+00 0.00000000e+00 0.00000000e+00
 2.03306753e-04 0.00000000e+00 0.00000000e+00 2.03305299e-04
 0.00000000e+00 0.00000000e+00 0.00000000e+00 0.00000000e+00
 0.00000000e+00 0.00000000e+00 0.00000000e+00 2.03305299e-04
 2.03305299e-04 0.00000000e+00 4.06613505e-04 0.00000000e+00
 4.06610599e-04 4.06610599e-04 0.00000000e+00 4.06610599e-04
 0.00000000e+00 2.03306753e-04 4.06610599e-04 0.00000000e+00
 8.13221198e-04 2.03305299e-04 0.00000000e+00 4.06613505e-04
 6.09915898e-04 4.06610599e-04 2.03305299e-04 4.06610599e-04
 1.21983180e-03 1.21983180e-03 1.62645402e-03 1.42313710e-03
 1.21983180e-03 1.82974769e-03 4.06610599e-03 2.23635829e-03
 3.86280069e-03 4.67605531e-03 5.08263249e-03 4.47271659e-03
 5.48924308e-03 6.30246428e-03 8.13221198e-03 9.75872412e-03
 1.05718756e-02 1.40280657e-02 1.54512028e-02 1.99239193e-02
 2.11437511e-02 2.66329942e-02 2.64298778e-02 3.59850380e-02
 4.22875023e-02 4.79800507e-02 5.52990414e-02 6.54645404e-02
 7.58328767e-02 8.96576371e-02 9.61634066e-02 1.21780310e-01
 1.43126931e-01 1.63254155e-01 1.92124195e-01 2.12657343e-01
 2.52911793e-01 2.64907752e-01 3.27118227e-01 3.78351162e-01
 4.22468412e-01 4.59065007e-01 5.41198707e-01 6.26586933e-01
 7.08724807e-01 7.86791509e-01 9.04505277e-01 1.00514140e+00
 1.14623937e+00 1.25439370e+00 1.43452219e+00 1.57989113e+00
 1.68438441e+00 1.90476735e+00 2.11051986e+00 2.37257284e+00
 2.59254918e+00 2.81781649e+00 3.09146591e+00 3.35779033e+00
 3.59932345e+00 3.92745177e+00 4.18992640e+00 4.57985848e+00
 4.93870116e+00 5.27822162e+00 5.57463131e+00 5.99670383e+00
 6.35959307e+00 6.70420753e+00 7.14517752e+00 7.49993250e+00
 7.87809443e+00 8.08383254e+00 8.57806816e+00 8.83504629e+00
 9.09975003e+00 9.45981249e+00 9.71434250e+00 9.88837199e+00
 1.01677137e+01 1.03913544e+01 1.04842604e+01 1.06586988e+01
 1.07617747e+01 1.08361834e+01 1.08530589e+01 1.08774556e+01
 1.08069086e+01 1.05889650e+01 1.05259380e+01 1.03342209e+01
 1.01831695e+01 9.99002473e+00 9.82087896e+00 9.49436597e+00
 9.21055151e+00 8.93873209e+00 8.51484777e+00 8.22533315e+00
 7.89231878e+00 7.46517396e+00 7.10207672e+00 6.64137422e+00
 6.40311185e+00 5.98571463e+00 5.55288757e+00 5.21031752e+00
 4.96247905e+00 4.54815098e+00 4.26737824e+00 3.87337949e+00
 3.65502920e+00 3.34681184e+00 3.07011881e+00 2.78772227e+00
 2.54213401e+00 2.33821425e+00 2.12353144e+00 1.90415743e+00
 1.72728182e+00 1.55325249e+00 1.41988929e+00 1.24992098e+00
 1.15009808e+00 1.01612352e+00 9.09791215e-01 8.05902207e-01
 7.08724807e-01 6.24757185e-01 5.57666436e-01 4.82850086e-01
 4.15354211e-01 3.69609034e-01 3.25085174e-01 2.85238354e-01
 2.50268824e-01 2.14690396e-01 1.90701052e-01 1.65083903e-01
 1.41703794e-01 1.32148445e-01 9.61637503e-02 8.25419516e-02
 7.80692350e-02 6.91240488e-02 5.69254838e-02 4.33040288e-02
 4.69635242e-02 3.59850380e-02 2.92761724e-02 2.94792684e-02
 2.03305299e-02 1.93140034e-02 1.66710346e-02 1.66710346e-02
 1.34181498e-02 1.07752579e-02 6.91238018e-03 6.91238018e-03
 6.09915898e-03 5.28593779e-03 5.08263249e-03 4.26941129e-03
 4.06613505e-03 2.23635829e-03 1.62644240e-03 1.82974769e-03
 1.42313710e-03 1.62644240e-03 1.82976077e-03 1.21983180e-03
 4.06610599e-04 1.01652650e-03 1.01652650e-03 1.21983180e-03
 1.21983180e-03 1.01653376e-03 6.09915898e-04 4.06610599e-04
 4.06610599e-04 0.00000000e+00 4.06610599e-04 6.09915898e-04
 2.03306753e-04 2.03305299e-04 0.00000000e+00 2.03305299e-04
 0.00000000e+00 2.03305299e-04 0.00000000e+00 0.00000000e+00
 0.00000000e+00 0.00000000e+00 0.00000000e+00 0.00000000e+00
 0.00000000e+00 0.00000000e+00 0.00000000e+00 0.00000000e+00
 0.00000000e+00 0.00000000e+00 0.00000000e+00 0.00000000e+00
 0.00000000e+00 0.00000000e+00 0.00000000e+00 2.03305299e-04]
[-0.17924571 -0.15684    -0.13443428 -0.11202857 -0.08962286 -0.06721714
 -0.04481143 -0.02240571 -0.          0.02240571  0.04481143  0.06721714
  0.08962286  0.11202857  0.13443428  0.15684   ]
