[ 0.00284982  0.04252316  0.03790879 ... -0.04170409  0.00620271
  0.00024777]
[ 0.          0.04433231  0.04433231 ... -0.04433231  0.
  0.        ]
[1.37736156e-04 0.00000000e+00 0.00000000e+00 0.00000000e+00
 0.00000000e+00 0.00000000e+00 0.00000000e+00 0.00000000e+00
 0.00000000e+00 0.00000000e+00 0.00000000e+00 0.00000000e+00
 0.00000000e+00 0.00000000e+00 1.37737490e-04 0.00000000e+00
 0.00000000e+00 0.00000000e+00 0.00000000e+00 0.00000000e+00
 0.00000000e+00 0.00000000e+00 0.00000000e+00 0.00000000e+00
 0.00000000e+00 0.00000000e+00 0.00000000e+00 1.37737490e-04
 1.37736156e-04 0.00000000e+00 0.00000000e+00 0.00000000e+00
 0.00000000e+00 0.00000000e+00 0.00000000e+00 0.00000000e+00
 0.00000000e+00 0.00000000e+00 0.00000000e+00 0.00000000e+00
 0.00000000e+00 0.00000000e+00 0.00000000e+00 0.00000000e+00
 2.75472311e-04 0.00000000e+00 0.00000000e+00 0.00000000e+00
 0.00000000e+00 0.00000000e+00 0.00000000e+00 0.00000000e+00
 0.00000000e+00 1.37736156e-04 0.00000000e+00 1.37736156e-04
 0.00000000e+00 0.00000000e+00 0.00000000e+00 0.00000000e+00
 0.00000000e+00 0.00000000e+00 1.37736823e-04 2.75472311e-04
 1.37736823e-04 4.13210468e-04 2.75473645e-04 2.75473645e-04
 2.75472311e-04 4.13210468e-04 4.13210468e-04 2.75473645e-04
 5.50944623e-04 6.88684113e-04 4.13210468e-04 6.88684113e-04
 1.10188925e-03 5.50947290e-04 4.13210468e-04 1.23963140e-03
 1.51509771e-03 2.34152598e-03 2.34152598e-03 2.20378916e-03
 3.85661236e-03 4.54531515e-03 7.43778842e-03 6.47363066e-03
 1.22585179e-02 1.21208404e-02 1.46001032e-02 2.25888389e-02
 2.41038272e-02 2.78228382e-02 4.35248359e-02 5.33041503e-02
 6.48738864e-02 8.59477773e-02 1.01511792e-01 1.27406561e-01
 1.55642233e-01 1.96550446e-01 2.49991728e-01 2.94619064e-01
 3.57150716e-01 4.52603199e-01 5.32902476e-01 6.52734802e-01
 7.62922413e-01 9.37574551e-01 1.09335225e+00 1.31676402e+00
 1.54485246e+00 1.77666727e+00 2.12348345e+00 2.37788851e+00
 2.76960868e+00 3.12620888e+00 3.58321910e+00 4.03568402e+00
 4.51087548e+00 5.00810481e+00 5.53384562e+00 6.08782245e+00
 6.64469175e+00 7.23530653e+00 7.82220242e+00 8.30827508e+00
 8.85508960e+00 9.30066769e+00 9.67310760e+00 1.00714420e+01
 1.03801130e+01 1.06701833e+01 1.08583315e+01 1.09265112e+01
 1.09324338e+01 1.08789920e+01 1.06999344e+01 1.05214309e+01
 1.01915484e+01 9.76153454e+00 9.42421747e+00 9.01445092e+00
 8.43912490e+00 7.93693706e+00 7.38723453e+00 6.81149084e+00
 6.24181203e+00 5.73783361e+00 5.17559258e+00 4.62657427e+00
 4.07755596e+00 3.68321591e+00 3.22978684e+00 2.86643754e+00
 2.51548455e+00 2.19620832e+00 1.88052084e+00 1.63176419e+00
 1.36648702e+00 1.18908199e+00 9.80821539e-01 8.43638038e-01
 6.96946635e-01 5.74087077e-01 4.78083354e-01 3.92136734e-01
 3.33046831e-01 2.62388647e-01 2.16108551e-01 1.72446502e-01
 1.46138415e-01 1.24238614e-01 9.57268599e-02 6.91438849e-02
 5.85380079e-02 4.69682565e-02 3.63625212e-02 3.33321497e-02
 2.36907335e-02 1.91454183e-02 1.48755768e-02 1.29471986e-02
 1.03302617e-02 7.02457795e-03 7.16231477e-03 4.54529314e-03
 5.09626244e-03 4.54531515e-03 1.65284187e-03 2.34152598e-03
 1.37736156e-03 1.37736823e-03 1.37736823e-03 1.23963140e-03
 8.26416934e-04 8.26420936e-04 1.10189458e-03 6.88684113e-04
 2.75472311e-04 2.75473645e-04 2.75473645e-04 4.13210468e-04
 4.13208467e-04 2.75473645e-04 4.13210468e-04 0.00000000e+00
 0.00000000e+00 1.37736823e-04 2.75473645e-04 0.00000000e+00
 0.00000000e+00 1.37736823e-04 0.00000000e+00 4.13210468e-04
 0.00000000e+00 0.00000000e+00 0.00000000e+00 1.37736156e-04
 0.00000000e+00 0.00000000e+00 1.37736156e-04 0.00000000e+00
 0.00000000e+00 0.00000000e+00 0.00000000e+00 0.00000000e+00
 1.37737490e-04 0.00000000e+00 0.00000000e+00 0.00000000e+00
 1.37736156e-04 0.00000000e+00 0.00000000e+00 0.00000000e+00
 0.00000000e+00 0.00000000e+00 0.00000000e+00 0.00000000e+00
 0.00000000e+00 0.00000000e+00 0.00000000e+00 1.37736156e-04
 0.00000000e+00 0.00000000e+00 0.00000000e+00 0.00000000e+00
 0.00000000e+00 0.00000000e+00 0.00000000e+00 0.00000000e+00
 0.00000000e+00 0.00000000e+00 0.00000000e+00 1.37736156e-04]
[-0.17732923 -0.15516308 -0.13299692 -0.11083077 -0.08866461 -0.06649846
 -0.04433231 -0.02216615  0.          0.02216615  0.04433231  0.06649846
  0.08866461  0.11083077  0.13299692  0.15516308]
