[-0.09576392 -0.03773232 -0.15393275 ...  0.0764975   0.13917147
  0.14170723]
[-0.176599 -0.       -0.176599 ...  0.        0.176599  0.176599]
[2.22004265e-05 0.00000000e+00 0.00000000e+00 0.00000000e+00
 0.00000000e+00 2.22004265e-05 0.00000000e+00 0.00000000e+00
 0.00000000e+00 2.22006748e-05 0.00000000e+00 0.00000000e+00
 2.22006748e-05 4.44008530e-05 0.00000000e+00 0.00000000e+00
 4.44008530e-05 4.44008530e-05 0.00000000e+00 2.22004265e-05
 4.44013497e-05 0.00000000e+00 6.66012795e-05 6.66020245e-05
 0.00000000e+00 4.44008530e-05 4.44013497e-05 4.44008530e-05
 2.22004265e-05 0.00000000e+00 2.22004265e-05 2.22005507e-05
 2.22005507e-05 6.66012795e-05 6.66016520e-05 1.33203304e-04
 6.66016520e-05 6.66012795e-05 8.88022027e-05 1.55403855e-04
 2.44204691e-04 2.22005507e-04 2.66406608e-04 1.33203304e-04
 2.22004265e-04 3.33008260e-04 3.99609912e-04 4.21808103e-04
 4.44011013e-04 6.21615419e-04 6.43815969e-04 8.21415780e-04
 9.76824229e-04 9.32423128e-04 1.02122533e-03 1.06562047e-03
 1.35423359e-03 1.59843965e-03 1.73163327e-03 1.82044515e-03
 2.48646167e-03 2.35325837e-03 2.95265672e-03 3.48548646e-03
 3.95169802e-03 5.12829852e-03 5.83874483e-03 5.97194813e-03
 7.54818723e-03 8.74696804e-03 9.16882743e-03 1.13888825e-02
 1.21658337e-02 1.44969596e-02 1.62064020e-02 1.98472923e-02
 2.14900128e-02 2.55972349e-02 2.88607159e-02 3.21019065e-02
 3.50545715e-02 4.07380105e-02 4.52667962e-02 5.19270880e-02
 5.89644977e-02 6.68680586e-02 7.39054265e-02 8.21640082e-02
 9.76158213e-02 1.09381807e-01 1.20770996e-01 1.30316868e-01
 1.49720514e-01 1.66814471e-01 1.82466326e-01 2.04155693e-01
 2.22448896e-01 2.48557365e-01 2.76129677e-01 3.03725734e-01
 3.31653099e-01 3.65598157e-01 3.99520551e-01 4.34774976e-01
 4.74869115e-01 5.19092550e-01 5.61251337e-01 6.05340722e-01
 6.49565004e-01 6.99138764e-01 7.53152628e-01 8.01927170e-01
 8.57295266e-01 9.09533088e-01 9.59083978e-01 1.01847104e+00
 1.07166348e+00 1.10667293e+00 1.15129675e+00 1.20191393e+00
 1.22311543e+00 1.26314252e+00 1.29264723e+00 1.31198388e+00
 1.34068915e+00 1.32181871e+00 1.30052841e+00 1.28565407e+00
 1.24964505e+00 1.21772028e+00 1.16521607e+00 1.13189349e+00
 1.07701381e+00 1.02632930e+00 9.81595975e-01 9.06780224e-01
 8.68395526e-01 8.14470463e-01 7.57126521e-01 7.07640573e-01
 6.46212725e-01 6.04298144e-01 5.52060322e-01 5.06660259e-01
 4.61282397e-01 4.17125563e-01 3.85556424e-01 3.44463262e-01
 3.14691926e-01 2.81214375e-01 2.57103858e-01 2.28909238e-01
 2.06820330e-01 1.87016916e-01 1.64372877e-01 1.50008701e-01
 1.31937873e-01 1.17529387e-01 1.05141808e-01 9.31532501e-02
 8.10539838e-02 7.64142954e-02 6.53804389e-02 5.81210417e-02
 5.17493389e-02 4.68875630e-02 4.03604882e-02 3.52322739e-02
 3.17688992e-02 2.83722244e-02 2.47536140e-02 2.33327788e-02
 1.96251770e-02 1.80712482e-02 1.55847866e-02 1.34534585e-02
 1.20993001e-02 1.04786599e-02 8.68041531e-03 8.54716420e-03
 6.23835474e-03 6.26055529e-03 5.50573657e-03 4.17368018e-03
 3.97389857e-03 3.95169802e-03 2.99705758e-03 2.75286828e-03
 2.28665672e-03 2.66406608e-03 2.10904052e-03 1.82044515e-03
 1.48743689e-03 1.30982516e-03 1.46523634e-03 9.10222577e-04
 8.43620925e-04 8.21415780e-04 5.77214317e-04 5.55013767e-04
 5.55010662e-04 4.88412115e-04 3.10807709e-04 3.77409361e-04
 2.66405118e-04 2.22005507e-04 2.66406608e-04 3.77409361e-04
 2.88605544e-04 3.77409361e-04 1.33203304e-04 1.99803838e-04
 8.88022027e-05 2.22005507e-05 8.88022027e-05 0.00000000e+00
 8.88022027e-05 6.66016520e-05 6.66016520e-05 4.44008530e-05
 1.11002132e-04 8.88026994e-05 2.22004265e-05 2.22004265e-05
 6.66020245e-05 2.22004265e-05 4.44013497e-05 0.00000000e+00
 0.00000000e+00 2.22006748e-05 0.00000000e+00 0.00000000e+00
 0.00000000e+00 2.22004265e-05 0.00000000e+00 0.00000000e+00
 0.00000000e+00 0.00000000e+00 2.22004265e-05 0.00000000e+00
 0.00000000e+00 0.00000000e+00 0.00000000e+00 0.00000000e+00
 0.00000000e+00 0.00000000e+00 0.00000000e+00 0.00000000e+00
 0.00000000e+00 0.00000000e+00 0.00000000e+00 0.00000000e+00
 0.00000000e+00 0.00000000e+00 0.00000000e+00 2.22004265e-05]
[-1.412792   -1.236193   -1.0595939  -0.882995   -0.706396   -0.52979696
 -0.353198   -0.176599   -0.          0.176599    0.353198    0.52979696
  0.706396    0.882995    1.0595939   1.236193  ]
