[ 0.1564486  -0.03751015  0.03932809 ...  0.3023216  -0.42371827
 -0.2984261 ]
[ 0.17223042 -0.          0.         ...  0.34446084 -0.34446084
 -0.34446084]
[8.65847207e-05 0.00000000e+00 0.00000000e+00 0.00000000e+00
 0.00000000e+00 0.00000000e+00 0.00000000e+00 0.00000000e+00
 0.00000000e+00 0.00000000e+00 0.00000000e+00 0.00000000e+00
 0.00000000e+00 0.00000000e+00 0.00000000e+00 0.00000000e+00
 0.00000000e+00 8.65847207e-05 0.00000000e+00 1.73169441e-04
 8.65847207e-05 0.00000000e+00 0.00000000e+00 0.00000000e+00
 8.65847207e-05 8.65847207e-05 3.46338883e-04 0.00000000e+00
 2.59756831e-04 0.00000000e+00 1.73169441e-04 0.00000000e+00
 1.73169441e-04 1.73169441e-04 3.46342441e-04 4.32923603e-04
 6.92677765e-04 3.46338883e-04 2.59754162e-04 1.73169441e-04
 3.46342441e-04 8.65847207e-05 3.46338883e-04 4.32923603e-04
 1.73169441e-04 1.73170331e-04 1.03901665e-03 5.19508324e-04
 6.92681323e-04 2.59754162e-04 1.12560137e-03 1.47194781e-03
 6.92677765e-04 8.65847207e-04 1.38536265e-03 1.73169441e-03
 1.55852497e-03 1.55853298e-03 2.68412634e-03 2.77071106e-03
 1.90487364e-03 1.99144858e-03 2.77071106e-03 3.03046522e-03
 3.72316211e-03 3.72314299e-03 3.46338883e-03 4.06950277e-03
 4.76215964e-03 5.28166796e-03 6.58047257e-03 6.23409989e-03
 6.84019293e-03 7.70607972e-03 1.00438276e-02 9.69748871e-03
 1.05633902e-02 1.07365054e-02 1.29011234e-02 1.27280193e-02
 1.54986650e-02 1.53254956e-02 1.66243518e-02 1.63645122e-02
 2.12132566e-02 2.20792172e-02 2.12998413e-02 2.33778746e-02
 2.66681625e-02 2.71876721e-02 3.13436689e-02 3.78376201e-02
 4.10412630e-02 4.32057756e-02 4.64961144e-02 5.13448712e-02
 5.80983476e-02 6.71899158e-02 7.62811389e-02 8.37276399e-02
 9.25593041e-02 9.48102691e-02 1.14292125e-01 1.28059131e-01
 1.40180663e-01 1.67801620e-01 1.77758888e-01 2.07456991e-01
 2.33952516e-01 2.80967779e-01 3.10666377e-01 3.59327514e-01
 4.04004825e-01 4.56908158e-01 5.26002853e-01 5.82110572e-01
 6.34666817e-01 7.18654104e-01 7.96580453e-01 8.81001795e-01
 9.64987951e-01 1.04317472e+00 1.11919554e+00 1.22353104e+00
 1.28301404e+00 1.32275733e+00 1.37496757e+00 1.43938671e+00
 1.46726703e+00 1.50666326e+00 1.50631680e+00 1.49575345e+00
 1.45237444e+00 1.42942968e+00 1.40657104e+00 1.33903442e+00
 1.27955147e+00 1.20162507e+00 1.10040663e+00 1.02637726e+00
 9.39099086e-01 8.45155086e-01 7.81081768e-01 7.20732140e-01
 6.16917719e-01 5.48774664e-01 4.93014033e-01 4.13096763e-01
 3.77336697e-01 3.35602808e-01 2.91444544e-01 2.67806885e-01
 2.23042813e-01 1.97240500e-01 1.83992531e-01 1.57930936e-01
 1.48146838e-01 1.26067353e-01 1.13599445e-01 1.01737047e-01
 8.72776226e-02 8.16496013e-02 7.40299362e-02 6.59777266e-02
 6.78825953e-02 6.00897961e-02 4.89204928e-02 4.52839252e-02
 4.34655298e-02 3.68851857e-02 3.11705795e-02 3.34217022e-02
 3.04778999e-02 2.55425582e-02 2.43303065e-02 2.52827384e-02
 1.85292254e-02 1.87888844e-02 1.62779275e-02 1.75767886e-02
 1.52389108e-02 1.29877081e-02 1.26414342e-02 1.22084456e-02
 1.03035818e-02 8.74510171e-03 8.74505679e-03 8.13896374e-03
 7.79266489e-03 6.84019293e-03 4.15606659e-03 5.80120608e-03
 5.62800684e-03 4.32923603e-03 4.84874436e-03 3.63657695e-03
 3.72314299e-03 2.77071106e-03 2.94389562e-03 2.85729578e-03
 2.25120274e-03 3.03048079e-03 2.68412634e-03 1.03901665e-03
 1.21219232e-03 1.38535553e-03 2.77071106e-03 9.52436820e-04
 9.52431927e-04 6.06093045e-04 1.47194781e-03 1.38535553e-03
 6.06093045e-04 6.06096158e-04 4.32923603e-04 4.32923603e-04
 3.46340662e-04 7.79262486e-04 4.32923603e-04 8.65847207e-05
 2.59754162e-04 2.59756831e-04 2.59754162e-04 8.65847207e-05
 8.65847207e-05 2.59754162e-04 1.73169441e-04 0.00000000e+00
 8.65847207e-05 3.46338883e-04 0.00000000e+00 0.00000000e+00
 1.73169441e-04 0.00000000e+00 0.00000000e+00 8.65847207e-05
 8.65847207e-05 0.00000000e+00 0.00000000e+00 0.00000000e+00
 0.00000000e+00 0.00000000e+00 0.00000000e+00 0.00000000e+00
 8.65847207e-05 0.00000000e+00 0.00000000e+00 2.59754162e-04
 0.00000000e+00 0.00000000e+00 0.00000000e+00 0.00000000e+00
 0.00000000e+00 0.00000000e+00 0.00000000e+00 1.73169441e-04]
[-1.3778434  -1.2056129  -1.0333825  -0.8611521  -0.6889217  -0.51669127
 -0.34446084 -0.17223042  0.          0.17223042  0.34446084  0.51669127
  0.6889217   0.8611521   1.0333825   1.2056129 ]
