[ 0.46581483 -0.5176926  -0.25988498 ... -0.02388635  0.0740243
  0.06107152]
[ 0.3950658  -0.59259874 -0.1975329  ... -0.          0.
  0.        ]
[1.63939728e-05 3.27876653e-05 0.00000000e+00 1.63938326e-05
 0.00000000e+00 3.27879456e-05 3.27876653e-05 1.63939728e-05
 0.00000000e+00 1.63938326e-05 3.27879456e-05 3.27879456e-05
 3.27876653e-05 4.91819183e-05 1.31150661e-04 4.91819183e-05
 3.27879456e-05 3.27876653e-05 3.27879456e-05 1.63938326e-05
 8.19698639e-05 4.91819183e-05 9.83629958e-05 6.55758911e-05
 6.55758911e-05 9.83629958e-05 6.55758911e-05 8.19698639e-05
 8.19691631e-05 9.83638367e-05 9.83629958e-05 4.91819183e-05
 8.19698639e-05 8.19691631e-05 1.96727673e-04 1.31150661e-04
 6.55758911e-05 1.63939728e-04 2.78695155e-04 4.09849320e-04
 4.09849320e-04 3.93451983e-04 2.95091510e-04 3.44273428e-04
 1.24593128e-03 1.49185152e-03 6.39359472e-04 1.62300331e-03
 1.60660933e-03 1.39347577e-03 8.19698639e-04 2.42628723e-03
 2.11482249e-03 1.50824550e-03 1.19674978e-03 2.06564057e-03
 1.47545755e-03 2.09841058e-03 1.63939728e-03 1.49185152e-03
 1.42626344e-03 1.73776111e-03 1.73775369e-03 1.85251101e-03
 2.18038906e-03 2.21317687e-03 2.37712605e-03 2.73778175e-03
 3.11484151e-03 3.18043072e-03 3.98371836e-03 4.60668666e-03
 4.31159641e-03 5.39359399e-03 5.32804115e-03 6.98380255e-03
 7.73792208e-03 9.27898859e-03 8.93467697e-03 1.06232490e-02
 1.02297953e-02 1.02134014e-02 1.17708725e-02 1.24921539e-02
 1.25249417e-02 1.30496023e-02 1.50168149e-02 1.46725429e-02
 1.68201442e-02 1.76562332e-02 1.83612495e-02 2.04268028e-02
 2.41646126e-02 2.54106578e-02 2.60171236e-02 2.98696907e-02
 3.73289165e-02 3.70994811e-02 4.01651475e-02 4.20175726e-02
 4.63947447e-02 5.14605706e-02 5.46573884e-02 5.96574119e-02
 6.95757231e-02 7.15103564e-02 8.15926281e-02 9.22812783e-02
 1.01674985e-01 1.12970625e-01 1.26102169e-01 1.39512112e-01
 1.65086600e-01 1.86235133e-01 2.08596464e-01 2.28744124e-01
 2.63253571e-01 2.99959558e-01 3.39239391e-01 3.88667061e-01
 4.39783304e-01 5.09047617e-01 5.74000329e-01 6.54101023e-01
 7.56923691e-01 8.50811672e-01 9.59306636e-01 1.07757238e+00
 1.19364133e+00 1.31002177e+00 1.39074543e+00 1.48402684e+00
 1.58896432e+00 1.85039817e+00 1.62332598e+00 1.52332307e+00
 1.44925534e+00 1.34287519e+00 1.25403653e+00 1.13941024e+00
 1.03671873e+00 9.27846703e-01 8.29319242e-01 7.35349292e-01
 6.44149913e-01 5.65508278e-01 4.91538910e-01 4.37111095e-01
 3.75994560e-01 3.39141028e-01 3.00779254e-01 2.58417364e-01
 2.33318023e-01 2.11055555e-01 1.87677799e-01 1.64512814e-01
 1.50627178e-01 1.30741653e-01 1.22643048e-01 1.08707969e-01
 9.99864126e-02 8.36910522e-02 7.70187195e-02 6.73789401e-02
 6.18214071e-02 5.66410549e-02 4.92965708e-02 4.67554105e-02
 4.45094458e-02 3.68698872e-02 3.45912826e-02 3.02795383e-02
 2.66728797e-02 2.61975685e-02 2.33285235e-02 2.09350138e-02
 2.08038625e-02 1.78857479e-02 1.64431547e-02 1.49840271e-02
 1.51807539e-02 1.20659640e-02 1.01150380e-02 1.08691575e-02
 8.93467697e-03 8.70516234e-03 6.77071076e-03 6.88543914e-03
 6.65592450e-03 5.50837485e-03 4.86898910e-03 4.24602080e-03
 3.52468908e-03 3.29517444e-03 3.11485483e-03 2.65581224e-03
 2.59023663e-03 2.14761043e-03 1.70496588e-03 1.73775369e-03
 1.65578417e-03 1.40987563e-03 1.27872988e-03 1.00002806e-03
 8.85270746e-04 8.03304666e-04 9.83629958e-04 6.55758911e-04
 4.91819183e-04 4.26239648e-04 5.57395075e-04 4.26239648e-04
 4.26243292e-04 1.96727673e-04 3.60664318e-04 3.11485483e-04
 3.11485483e-04 2.29513657e-04 2.95091510e-04 2.95091510e-04
 1.96725992e-04 2.45909592e-04 9.83629958e-05 1.80333701e-04
 1.31151782e-04 1.63938326e-04 1.31151782e-04 2.78695155e-04
 4.91819183e-05 1.47545755e-04 1.31150661e-04 6.55758911e-05
 3.27879456e-05 2.13119824e-04 4.91819183e-05 1.47545755e-04
 6.55753305e-05 4.91819183e-05 4.91814979e-05 8.19698639e-05
 6.55758911e-05 8.19691631e-05 8.19698639e-05 0.00000000e+00
 1.63939728e-05 6.55758911e-05 0.00000000e+00 1.63939728e-05
 3.27879456e-05 3.27876653e-05 0.00000000e+00 1.63939728e-05
 0.00000000e+00 4.91819183e-05 0.00000000e+00 1.63939728e-05]
[-1.5802633  -1.3827304  -1.1851975  -0.9876645  -0.7901316  -0.59259874
 -0.3950658  -0.1975329  -0.          0.1975329   0.3950658   0.59259874
  0.7901316   0.9876645   1.1851975   1.3827304 ]
