[-0.16904268  0.21525215 -0.2543648  ...  0.77543265  0.7939041
 -1.0819364 ]
[-0.2179716  0.2179716 -0.2179716 ...  0.8718864  0.8718864 -1.0898579]
[2.35465891e-05 2.35468522e-05 4.70931782e-05 2.35468522e-05
 9.41863564e-05 0.00000000e+00 7.06397673e-05 0.00000000e+00
 1.17732945e-04 1.17732945e-04 1.64827966e-04 1.17732945e-04
 9.41874089e-05 1.64826124e-04 2.11921670e-04 7.06397673e-05
 2.82562227e-04 3.53198836e-04 4.70937045e-04 2.82559069e-04
 4.94478371e-04 5.41577601e-04 5.18024960e-04 7.77046124e-04
 1.15378287e-03 1.17733603e-03 1.31861636e-03 1.69536389e-03
 1.67181717e-03 2.21339174e-03 2.16629830e-03 2.61368599e-03
 3.17880729e-03 2.80205976e-03 3.81454743e-03 4.26195644e-03
 4.02648923e-03 4.75643757e-03 6.12214737e-03 5.58057280e-03
 6.49889490e-03 7.46431045e-03 7.77041782e-03 8.12361863e-03
 7.44072215e-03 9.60706203e-03 9.41868826e-03 1.14437062e-02
 1.25033087e-02 1.30213365e-02 1.40102988e-02 1.57998496e-02
 1.66475315e-02 1.96144183e-02 2.00852405e-02 2.26990387e-02
 2.35231739e-02 2.63958739e-02 2.91037467e-02 3.14819655e-02
 3.38130909e-02 3.92288366e-02 4.18896161e-02 4.62222127e-02
 5.08841790e-02 5.61589288e-02 6.15275811e-02 6.84032235e-02
 7.37718758e-02 7.94937289e-02 8.67225722e-02 9.66825649e-02
 1.02899169e-01 1.15920506e-01 1.25786582e-01 1.32332570e-01
 1.42692729e-01 1.54607768e-01 1.69842496e-01 1.81333296e-01
 1.93695324e-01 2.03325365e-01 2.22116216e-01 2.34878539e-01
 2.53715915e-01 2.72835852e-01 2.90495081e-01 3.10487059e-01
 3.28429660e-01 3.48868213e-01 3.66528254e-01 3.94830309e-01
 4.17153703e-01 4.40771064e-01 4.60620306e-01 4.91749714e-01
 5.14966781e-01 5.29588555e-01 5.57421518e-01 5.84169777e-01
 6.02466395e-01 6.23752630e-01 6.44425751e-01 6.72541436e-01
 6.91401393e-01 7.08520825e-01 7.30136204e-01 7.40473207e-01
 7.58863183e-01 7.80314776e-01 7.92299503e-01 8.04025762e-01
 8.10218545e-01 8.21615437e-01 8.38286217e-01 8.40170100e-01
 8.48364354e-01 8.37509322e-01 8.50271563e-01 8.49117849e-01
 8.53167734e-01 8.38286509e-01 8.42972011e-01 8.33459142e-01
 8.23145686e-01 8.11019700e-01 8.05438564e-01 7.90509954e-01
 7.71460670e-01 7.56791073e-01 7.42381009e-01 7.22577208e-01
 6.99361150e-01 6.71317006e-01 6.48640608e-01 6.20338356e-01
 5.92057917e-01 5.59234616e-01 5.41033001e-01 5.07266295e-01
 4.85345006e-01 4.65211910e-01 4.34955024e-01 4.22333982e-01
 3.89745320e-01 3.69894401e-01 3.54566520e-01 3.30760785e-01
 3.13783600e-01 2.96523853e-01 2.73965329e-01 2.59320035e-01
 2.41236153e-01 2.24258968e-01 2.12626888e-01 1.94825022e-01
 1.82581272e-01 1.69913136e-01 1.58281056e-01 1.45636467e-01
 1.35770012e-01 1.22866788e-01 1.11846923e-01 1.02640155e-01
 9.32447533e-02 8.92420713e-02 8.02707707e-02 7.32773947e-02
 6.83090366e-02 6.27991040e-02 5.47225788e-02 5.09786502e-02
 4.42440409e-02 4.32553259e-02 3.91111030e-02 3.61442162e-02
 3.41191982e-02 3.16467926e-02 2.78086771e-02 2.55246452e-02
 2.32406133e-02 2.17807166e-02 2.01794268e-02 1.83193487e-02
 1.69771856e-02 1.57056627e-02 1.44576865e-02 1.46225135e-02
 1.36335513e-02 1.32568037e-02 1.08785849e-02 1.07843378e-02
 9.91316940e-03 9.23031450e-03 8.61809976e-03 7.88815142e-03
 7.62913749e-03 7.01692276e-03 6.49889490e-03 5.46283919e-03
 4.96835806e-03 4.73286441e-03 4.30904988e-03 4.42678348e-03
 3.39072778e-03 3.32008761e-03 2.42531223e-03 2.35467207e-03
 2.49595239e-03 2.30757862e-03 1.60117700e-03 1.36570217e-03
 1.41281113e-03 1.13023628e-03 8.00592976e-04 9.18316974e-04
 8.71223796e-04 4.70937045e-04 3.06105658e-04 3.29655931e-04
 2.82559069e-04 2.11921670e-04 1.88372713e-04 2.59015375e-04
 1.41279535e-04 7.06405567e-05 2.35465891e-05 1.17732945e-04
 2.35468522e-05 0.00000000e+00 0.00000000e+00 0.00000000e+00
 2.35468522e-05 0.00000000e+00 0.00000000e+00 2.35465891e-05
 0.00000000e+00 0.00000000e+00 2.35465891e-05 0.00000000e+00
 0.00000000e+00 0.00000000e+00 0.00000000e+00 0.00000000e+00
 0.00000000e+00 0.00000000e+00 0.00000000e+00 0.00000000e+00
 0.00000000e+00 0.00000000e+00 0.00000000e+00 0.00000000e+00
 0.00000000e+00 0.00000000e+00 0.00000000e+00 2.35465891e-05]
[-1.7437727 -1.5258012 -1.3078296 -1.0898579 -0.8718864 -0.6539148
 -0.4359432 -0.2179716 -0.         0.2179716  0.4359432  0.6539148
  0.8718864  1.0898579  1.3078296  1.5258012]
