[ 0.90887105  0.7153965  -0.6921752  ... -1.6182674   0.72964287
  0.5696622 ]
[ 1.0349846  0.5174923 -0.5174923 ... -1.5524769  0.5174923  0.5174923]
[2.26444516e-06 6.79333548e-06 2.26444516e-06 2.26444516e-06
 6.79333548e-06 6.79333548e-06 9.05778064e-06 1.13222258e-05
 4.52897012e-06 9.05778064e-06 1.58511161e-05 1.13222258e-05
 4.52889032e-06 1.58511161e-05 4.52889032e-06 9.05778064e-06
 1.13222258e-05 9.05778064e-06 4.52889032e-06 6.79333548e-06
 0.00000000e+00 2.26444516e-06 0.00000000e+00 6.79333548e-06
 6.79333548e-06 4.52889032e-06 6.79345519e-06 4.52889032e-06
 6.79333548e-06 1.13222258e-05 9.05778064e-06 1.13222258e-05
 2.26444516e-06 2.26444516e-06 9.05778064e-06 1.58511161e-05
 4.52889032e-06 4.52889032e-06 2.26444516e-06 2.26444516e-06
 1.35866710e-05 4.52889032e-06 1.35866710e-05 2.26444516e-06
 4.52897012e-06 9.05778064e-06 1.13222258e-05 9.05778064e-06
 1.35866710e-05 1.13222258e-05 1.81155613e-05 2.26444516e-05
 1.81155613e-05 2.26444516e-05 1.81155613e-05 3.17022323e-05
 1.35866710e-05 1.35866710e-05 2.03800064e-05 2.71733419e-05
 1.58511161e-05 1.81158805e-05 1.81155613e-05 2.71733419e-05
 2.49088968e-05 3.17022323e-05 3.39666774e-05 4.07600129e-05
 2.49088968e-05 4.07600129e-05 3.39666774e-05 4.30244581e-05
 4.75533484e-05 3.62311226e-05 5.43466839e-05 4.52889032e-05
 6.11400193e-05 4.75533484e-05 6.11400193e-05 5.20831564e-05
 5.88755742e-05 7.01971815e-05 5.20822387e-05 6.34050231e-05
 7.01978000e-05 7.24622452e-05 6.79333548e-05 8.60489161e-05
 8.15200258e-05 7.47266903e-05 7.47266903e-05 7.69911355e-05
 6.56694882e-05 8.37844710e-05 7.47266903e-05 8.37844710e-05
 7.92555806e-05 8.15200258e-05 7.92555806e-05 7.92555806e-05
 6.79333548e-05 6.11405580e-05 5.88755742e-05 5.88755742e-05
 5.43466839e-05 5.43466839e-05 5.66111290e-05 5.66111290e-05
 6.79333548e-05 4.30244581e-05 4.75537673e-05 3.39666774e-05
 4.75533484e-05 3.39666774e-05 5.20822387e-05 4.98177935e-05
 3.17022323e-05 3.62311226e-05 2.49088968e-05 2.94380464e-05
 3.62311226e-05 3.62311226e-05 3.17022323e-05 3.62311226e-05
 3.84955677e-05 4.07600129e-05 3.84955677e-05 3.17022323e-05
 4.07603720e-05 3.62311226e-05 4.07600129e-05 2.71733419e-05
 5.88755742e-05 5.88755742e-05 2.49088968e-05 3.62311226e-05
 4.75537673e-05 4.75533484e-05 3.39666774e-05 3.84955677e-05
 2.94377871e-05 3.39666774e-05 5.66111290e-05 3.17022323e-05
 5.43466839e-05 4.52893022e-05 5.88755742e-05 4.07600129e-05
 2.94377871e-05 8.60489161e-05 6.11400193e-05 6.11400193e-05
 2.71733419e-05 2.26444516e-05 6.34050231e-05 5.66108797e-05
 5.20824681e-05 4.07600129e-05 1.35866710e-05 3.17022323e-05
 5.66111290e-05 3.39668270e-05 2.94377871e-05 2.26444516e-05
 3.62311226e-05 3.84957373e-05 2.49088968e-05 2.03800064e-05
 2.49088968e-05 1.58511860e-05 1.13222258e-05 2.71733419e-05
 2.71733419e-05 1.35866710e-05 1.35867308e-05 9.05778064e-06
 1.58511161e-05 4.52889032e-06 2.03800962e-05 1.58511161e-05
 9.05778064e-06 9.05778064e-06 6.79333548e-06 4.52891027e-06
 1.35866710e-05 1.13222258e-05 6.79333548e-06 6.79336541e-06
 2.26444516e-06 1.35866710e-05 6.79333548e-06 2.26445514e-06
 2.26444017e-06 2.26445015e-06 2.26444516e-06 0.00000000e+00
 0.00000000e+00 0.00000000e+00 0.00000000e+00 0.00000000e+00
 6.79333548e-06 0.00000000e+00 0.00000000e+00 0.00000000e+00
 0.00000000e+00 2.26444516e-06 6.79335045e-06 6.79333548e-06
 2.03800513e-05 6.34044645e-05 1.44924650e-04 3.05700433e-04
 4.66476217e-04 8.69547899e-04 1.25903290e-03 2.34370332e-03
 4.35679729e-03 7.84178223e-03 1.36795132e-02 2.43428257e-02
 4.11676584e-02 6.67921112e-02 1.05756499e-01 1.59385413e-01
 2.23555330e-01 2.99051933e-01 3.75982095e-01 4.41598934e-01
 4.80801047e-01 4.85427312e-01 4.57004001e-01 3.94740725e-01
 3.18272647e-01 2.39780032e-01 1.71396043e-01 1.14519911e-01
 7.37100356e-02 4.57825775e-02 2.71371556e-02 1.55884577e-02
 8.76566722e-03 4.82327350e-03 2.76262614e-03 1.35640415e-03
 8.24258946e-04 4.82327350e-04 3.64576072e-04 2.06064510e-04
 1.20015858e-04 8.60489161e-05 4.07601027e-05 2.03800064e-05
 9.05780059e-06 0.00000000e+00 0.00000000e+00 2.26444516e-06]
[-4.1399384 -3.622446  -3.1049538 -2.5874615 -2.0699692 -1.5524769
 -1.0349846 -0.5174923  0.         0.5174923  1.0349846  1.5524769
  2.0699692  2.5874615  3.1049538  3.622446 ]
