[ 1.2479882 -0.8260779 -0.7977401 ... -1.1213573  0.6013477 -0.4001944]
[ 1.1627498  -0.7751665  -0.7751665  ... -1.1627498   0.7751665
 -0.38758326]
[4.37105981e-06 0.00000000e+00 0.00000000e+00 0.00000000e+00
 4.37105981e-06 0.00000000e+00 8.74211963e-06 0.00000000e+00
 4.37105981e-06 1.31131794e-05 1.31131794e-05 1.74842393e-05
 1.74842393e-05 3.93395383e-05 1.31134105e-05 3.49684785e-05
 5.68237776e-05 3.49684785e-05 3.49684785e-05 6.99369570e-05
 7.43080168e-05 9.61633159e-05 1.00534376e-04 1.00534376e-04
 5.68237776e-05 9.17922561e-05 1.09276495e-04 1.04905436e-04
 1.18018615e-04 1.26760735e-04 1.00534376e-04 1.18018615e-04
 1.22389675e-04 8.74211963e-05 1.26760735e-04 1.48616034e-04
 1.39873914e-04 1.35502854e-04 1.31131794e-04 1.18018615e-04
 1.87955572e-04 1.00534376e-04 1.70474337e-04 1.57358153e-04
 1.44244974e-04 1.48616034e-04 1.83584512e-04 1.52987093e-04
 1.57358153e-04 1.48616034e-04 1.66100273e-04 1.31131794e-04
 1.18018615e-04 1.31131794e-04 1.61729213e-04 1.39873914e-04
 1.31131794e-04 1.48616034e-04 2.01068751e-04 1.13647555e-04
 1.39873914e-04 1.83584512e-04 1.31131794e-04 1.26760735e-04
 1.09277458e-04 1.39873914e-04 8.30501365e-05 1.57358153e-04
 1.48616034e-04 1.35502854e-04 1.04905436e-04 1.18018615e-04
 1.22389675e-04 9.61633159e-05 1.48616034e-04 1.35502854e-04
 1.18018615e-04 1.87955572e-04 1.35504048e-04 1.18018615e-04
 1.09276495e-04 1.48616034e-04 1.18018615e-04 1.00534376e-04
 9.61633159e-05 9.17922561e-05 1.13647555e-04 1.35502854e-04
 9.61633159e-05 1.22389675e-04 1.26760735e-04 1.09276495e-04
 8.74219665e-05 8.30501365e-05 6.99369570e-05 7.43080168e-05
 1.04905436e-04 5.68237776e-05 6.99369570e-05 6.55658972e-05
 9.61633159e-05 7.43080168e-05 9.17922561e-05 4.37105981e-05
 9.61633159e-05 3.49684785e-05 6.55664749e-05 6.55658972e-05
 3.93395383e-05 7.43080168e-05 5.68237776e-05 5.24527178e-05
 3.93395383e-05 6.55658972e-05 4.37105981e-05 3.05974187e-05
 4.80816580e-05 4.37105981e-05 3.49684785e-05 6.11948374e-05
 3.05976883e-05 3.49684785e-05 1.74842393e-05 3.49684785e-05
 3.05974187e-05 2.18552991e-05 2.62263589e-05 2.18552991e-05
 1.31131794e-05 2.62263589e-05 2.18552991e-05 1.74843163e-05
 8.74211963e-06 3.49684785e-05 2.18552991e-05 3.05974187e-05
 4.37105981e-06 1.74842393e-05 1.31132372e-05 2.18552991e-05
 1.31131794e-05 0.00000000e+00 1.31131794e-05 1.74842393e-05
 2.18552991e-05 4.37107907e-06 4.37105981e-06 8.74211963e-06
 8.74211963e-06 4.37105981e-06 1.74842393e-05 1.74842393e-05
 1.31132372e-05 1.74842393e-05 8.74211963e-06 3.93395383e-05
 2.62263589e-05 2.62263589e-05 3.49684785e-05 3.49684785e-05
 3.05975535e-05 3.93395383e-05 5.24527178e-05 7.43080168e-05
 8.74211963e-05 1.09276495e-04 1.22389675e-04 1.96698558e-04
 2.62263589e-04 2.66634649e-04 2.71005708e-04 3.14716307e-04
 3.40943416e-04 4.41477041e-04 5.85722015e-04 7.34339666e-04
 9.70375279e-04 1.23263887e-03 1.80524770e-03 2.18553472e-03
 3.05974187e-03 3.93832489e-03 5.48130901e-03 7.50949730e-03
 1.01015192e-02 1.39917625e-02 1.90797181e-02 2.50811412e-02
 3.34342365e-02 4.33434768e-02 5.71166386e-02 7.43605514e-02
 9.55689570e-02 1.20667477e-01 1.50307799e-01 1.82705929e-01
 2.22360429e-01 2.63002443e-01 3.06699952e-01 3.50130826e-01
 3.91546641e-01 4.30807521e-01 4.62108825e-01 4.87106803e-01
 5.08136018e-01 5.11029662e-01 5.08857278e-01 4.93099529e-01
 4.71550192e-01 4.38754113e-01 4.02212032e-01 3.61263921e-01
 3.19376208e-01 2.78038897e-01 2.37086415e-01 1.98577466e-01
 1.62948739e-01 1.33859483e-01 1.05587321e-01 8.29759198e-02
 6.32492355e-02 4.80598556e-02 3.69529397e-02 2.61345954e-02
 1.96785113e-02 1.36202524e-02 9.46771556e-03 6.98932464e-03
 4.65517870e-03 3.29578636e-03 2.44342244e-03 1.77465028e-03
 1.37688687e-03 1.03594118e-03 8.69840903e-04 7.21224869e-04
 5.42012611e-04 3.54055845e-04 3.80282204e-04 3.40943416e-04
 2.66634649e-04 1.79213452e-04 1.87955572e-04 1.52987093e-04
 1.04905436e-04 1.31132372e-04 9.61633159e-05 6.99369570e-05
 3.93395383e-05 5.24527178e-05 1.74842393e-05 2.18552991e-05
 8.74215814e-06 0.00000000e+00 4.37105981e-06 4.37105981e-06]
[-3.100666   -2.7130828  -2.3254995  -1.9379163  -1.550333   -1.1627498
 -0.7751665  -0.38758326 -0.          0.38758326  0.7751665   1.1627498
  1.550333    1.9379163   2.3254995   2.7130828 ]
