[ 1.3721414   0.36055112 -0.46847257 ...  0.41777936 -1.264854
  0.0597537 ]
[ 1.1850895   0.59254473 -0.59254473 ...  0.59254473 -1.1850895
  0.        ]
[2.58205592e-06 0.00000000e+00 0.00000000e+00 0.00000000e+00
 0.00000000e+00 0.00000000e+00 1.03282237e-05 2.58205592e-06
 0.00000000e+00 2.58205592e-06 2.58205592e-06 5.16401809e-06
 0.00000000e+00 2.58205592e-06 0.00000000e+00 0.00000000e+00
 5.16411184e-06 0.00000000e+00 0.00000000e+00 0.00000000e+00
 0.00000000e+00 0.00000000e+00 7.74616777e-06 2.58205592e-06
 0.00000000e+00 2.58205592e-06 2.58205592e-06 0.00000000e+00
 2.58205592e-06 5.16411184e-06 2.58200905e-06 0.00000000e+00
 0.00000000e+00 0.00000000e+00 0.00000000e+00 0.00000000e+00
 5.16411184e-06 0.00000000e+00 0.00000000e+00 0.00000000e+00
 0.00000000e+00 0.00000000e+00 0.00000000e+00 0.00000000e+00
 0.00000000e+00 0.00000000e+00 0.00000000e+00 0.00000000e+00
 0.00000000e+00 0.00000000e+00 0.00000000e+00 0.00000000e+00
 2.58205592e-06 2.58200905e-06 2.58205592e-06 2.58205592e-06
 0.00000000e+00 0.00000000e+00 0.00000000e+00 0.00000000e+00
 0.00000000e+00 0.00000000e+00 0.00000000e+00 2.58203248e-06
 0.00000000e+00 5.16406497e-06 0.00000000e+00 0.00000000e+00
 1.29101624e-05 2.58205592e-06 7.74609745e-06 5.16406497e-06
 7.74616777e-06 0.00000000e+00 5.16411184e-06 1.29101624e-05
 7.74609745e-06 2.58205592e-06 2.58203248e-06 2.58203248e-06
 0.00000000e+00 5.16406497e-06 1.29102796e-05 5.16406497e-06
 2.58203248e-06 0.00000000e+00 7.74609745e-06 2.58205592e-06
 5.16406497e-06 1.54921949e-05 2.58205592e-06 2.58203248e-06
 5.16406497e-06 2.58205592e-06 5.16406497e-06 2.58205592e-06
 0.00000000e+00 2.58203248e-06 2.58205592e-06 0.00000000e+00
 5.16406497e-06 1.03282237e-05 5.16406497e-06 2.58205592e-06
 7.74609745e-06 2.58203248e-06 5.16411184e-06 2.58203248e-06
 2.58205592e-06 2.58203248e-06 1.03281299e-05 2.58205592e-06
 5.16406497e-06 7.74609745e-06 5.16411184e-06 2.58203248e-06
 2.58205592e-06 5.16406497e-06 7.74609745e-06 2.58205592e-06
 7.74609745e-06 1.29101624e-05 5.16411184e-06 7.74609745e-06
 2.32385033e-05 7.74609745e-06 1.29101624e-05 1.29102796e-05
 2.32382923e-05 2.84026151e-05 1.03281299e-05 1.29101624e-05
 1.29102796e-05 1.03281299e-05 2.84023573e-05 7.74616777e-06
 2.58203248e-05 2.32385033e-05 2.58203248e-05 3.09845304e-05
 3.61484548e-05 5.42229282e-05 2.06563536e-05 4.64767956e-05
 2.32382923e-05 5.16408840e-05 5.93870167e-05 3.09845304e-05
 4.90586172e-05 5.68049725e-05 7.74613261e-05 4.38947514e-05
 6.97151935e-05 8.00430070e-05 7.22972377e-05 1.18774033e-04
 1.08445856e-04 1.21355527e-04 1.05863812e-04 8.00433703e-05
 1.13609945e-04 1.11027397e-04 9.81176797e-05 1.21356078e-04
 1.18774033e-04 1.05863332e-04 1.42012431e-04 1.23938122e-04
 1.13609945e-04 1.29101624e-04 9.81176797e-05 1.21356078e-04
 1.52340608e-04 1.34266299e-04 1.21355527e-04 1.44594475e-04
 1.60086741e-04 1.52340262e-04 1.83325138e-04 2.06563067e-04
 2.01399448e-04 2.32383451e-04 2.42712155e-04 3.40829061e-04
 3.30501658e-04 4.20872250e-04 5.08662708e-04 5.06079515e-04
 5.55139504e-04 5.96450857e-04 6.63585360e-04 8.21088193e-04
 7.59120995e-04 8.77895029e-04 8.77893037e-04 1.15933653e-03
 1.36331779e-03 2.06563302e-03 2.63884618e-03 4.14159420e-03
 6.05746883e-03 9.70847518e-03 1.52831196e-02 2.44467668e-02
 3.74008678e-02 5.64459722e-02 8.41667994e-02 1.14771800e-01
 1.49169688e-01 1.93849331e-01 2.39047963e-01 2.81739433e-01
 3.40486036e-01 4.00438453e-01 4.41025591e-01 4.37934887e-01
 4.04771118e-01 3.57783182e-01 2.94662550e-01 2.42582846e-01
 1.93033406e-01 1.37356850e-01 9.91503849e-02 6.53772850e-02
 4.03444178e-02 2.43486492e-02 1.41960629e-02 8.84090932e-03
 5.46101729e-03 3.69231902e-03 2.78344049e-03 2.16375059e-03
 1.69640112e-03 1.34782401e-03 1.12060718e-03 7.07480111e-04
 5.24153784e-04 4.13127072e-04 2.89188294e-04 1.78161050e-04
 1.34265994e-04 8.00433703e-05 6.71329969e-05 5.16408840e-05
 4.38946518e-05 2.32383978e-05 2.06563067e-05 3.61486188e-05
 1.29101917e-05 1.54922652e-05 2.58203834e-06 5.16408840e-06
 0.00000000e+00 0.00000000e+00 0.00000000e+00 2.58204420e-06]
[-4.740358   -4.1478133  -3.5552683  -2.9627237  -2.370179   -1.7776341
 -1.1850895  -0.59254473  0.          0.59254473  1.1850895   1.7776341
  2.370179    2.9627237   3.5552683   4.1478133 ]
