[ 0.8828349  -0.6362225  -0.70224154 ... -0.83623815  0.11326905
  1.1531976 ]
[ 0.7753656 -0.7753656 -0.7753656 ... -0.7753656  0.         1.1630484]
[8.89971688e-06 8.89971688e-06 2.22492922e-05 8.89971688e-06
 8.89971688e-06 2.66991506e-05 2.66991506e-05 3.55988675e-05
 6.22980181e-05 1.11246461e-04 1.33495753e-04 1.15696319e-04
 1.37945612e-04 1.82444196e-04 1.55745045e-04 1.46845328e-04
 2.35842497e-04 1.77994338e-04 1.91343913e-04 1.95793771e-04
 2.66991506e-04 2.13593205e-04 2.04693488e-04 2.22492922e-04
 2.31392639e-04 2.35842497e-04 2.35842497e-04 2.58091789e-04
 2.44742214e-04 2.22492922e-04 2.18043064e-04 2.09139857e-04
 2.49192073e-04 1.69094621e-04 2.44742214e-04 2.89240799e-04
 2.49192073e-04 2.26942780e-04 2.00243630e-04 2.00243630e-04
 2.26942780e-04 2.26942780e-04 2.40292356e-04 2.40292356e-04
 1.64644762e-04 2.09143347e-04 1.91343913e-04 1.69094621e-04
 1.86894054e-04 1.46845328e-04 1.55745045e-04 1.33495753e-04
 1.46845328e-04 1.20146178e-04 1.02346744e-04 1.69094621e-04
 8.45473103e-05 6.22980181e-05 1.11246461e-04 8.89971688e-05
 1.02346744e-04 8.00974519e-05 7.56475935e-05 7.11977350e-05
 6.22980181e-05 6.67478766e-05 5.78481597e-05 5.33983013e-05
 6.67478766e-05 6.67478766e-05 4.44985844e-05 6.67478766e-05
 3.55988675e-05 5.33983013e-05 4.00487259e-05 1.33495753e-05
 4.00487259e-05 5.78481597e-05 3.55988675e-05 1.33495753e-05
 3.11487492e-05 4.00487259e-05 2.66991506e-05 3.55988675e-05
 4.00487259e-05 2.22492922e-05 4.44985844e-06 1.77994338e-05
 1.33495753e-05 1.77994338e-05 1.33495753e-05 1.77994338e-05
 8.89971688e-06 2.22492922e-05 1.33495753e-05 1.33495753e-05
 8.89971688e-06 1.33495753e-05 8.89971688e-06 8.89971688e-06
 4.44985844e-06 4.44985844e-06 0.00000000e+00 8.89971688e-06
 4.44985844e-06 1.33495753e-05 4.44985844e-06 4.44985844e-06
 8.89971688e-06 0.00000000e+00 4.44985844e-06 0.00000000e+00
 4.44985844e-06 4.44985844e-06 0.00000000e+00 4.44985844e-06
 0.00000000e+00 8.89971688e-06 4.44985844e-06 4.44985844e-06
 8.89971688e-06 8.89971688e-06 8.89971688e-06 0.00000000e+00
 0.00000000e+00 4.44985844e-06 4.44985844e-06 0.00000000e+00
 4.44985844e-06 4.44985844e-06 0.00000000e+00 4.44985844e-06
 0.00000000e+00 0.00000000e+00 0.00000000e+00 0.00000000e+00
 0.00000000e+00 4.44985844e-06 0.00000000e+00 0.00000000e+00
 0.00000000e+00 0.00000000e+00 0.00000000e+00 0.00000000e+00
 0.00000000e+00 0.00000000e+00 0.00000000e+00 0.00000000e+00
 0.00000000e+00 0.00000000e+00 0.00000000e+00 0.00000000e+00
 4.44985844e-06 0.00000000e+00 0.00000000e+00 0.00000000e+00
 0.00000000e+00 0.00000000e+00 8.89971688e-06 0.00000000e+00
 8.89971688e-06 8.89971688e-06 8.89971688e-06 8.89971688e-06
 8.89971688e-06 1.33495753e-05 8.89971688e-06 4.44985844e-06
 2.66990393e-05 3.55988675e-05 2.66991506e-05 2.66991506e-05
 4.00487259e-05 4.44985844e-05 4.00487259e-05 7.56475935e-05
 5.78481597e-05 8.45473103e-05 1.11246461e-04 8.89971688e-05
 1.60194904e-04 1.29045895e-04 1.55745045e-04 1.37945324e-04
 2.18043064e-04 1.82444196e-04 1.91343913e-04 2.53641402e-04
 3.11490091e-04 2.84790940e-04 4.58335419e-04 4.04937118e-04
 4.76134853e-04 4.62785278e-04 8.18773953e-04 1.20146178e-03
 1.65534389e-03 2.34952526e-03 3.79572925e-03 5.63797064e-03
 8.57932707e-03 1.22638099e-02 1.96728036e-02 2.88039337e-02
 4.18153198e-02 5.86757722e-02 8.14279596e-02 1.12568069e-01
 1.48554074e-01 1.94316317e-01 2.48586762e-01 3.10609019e-01
 3.73191828e-01 4.40660352e-01 5.00132809e-01 5.47924276e-01
 5.82993602e-01 5.99600469e-01 5.98835093e-01 5.82691011e-01
 5.46553720e-01 4.98174872e-01 4.38275229e-01 3.80244853e-01
 3.19081549e-01 2.61678239e-01 2.05828095e-01 1.60177104e-01
 1.20043831e-01 8.91795200e-02 6.36107264e-02 4.57534445e-02
 3.12469060e-02 2.19956503e-02 1.45821709e-02 9.88757514e-03
 6.22090210e-03 4.30301311e-03 3.04370317e-03 1.80664253e-03
 1.21036150e-03 8.41023245e-04 5.56232305e-04 4.31636269e-04
 2.49191553e-04 1.51295187e-04 1.29045895e-04 5.78481597e-05
 5.33983013e-05 3.55988675e-05 8.89971688e-06 8.89969831e-06
 2.22492922e-05 4.44985844e-06 4.44985844e-06 4.44985844e-06]
[-3.1014624 -2.7137794 -2.3260968 -1.938414  -1.5507312 -1.1630484
 -0.7753656 -0.3876828  0.         0.3876828  0.7753656  1.1630484
  1.5507312  1.938414   2.3260968  2.7137794]
