[ 0.4135399   0.23850603 -0.20841068 ... -1.1637759   0.23342885
  0.5542557 ]
[ 0.42433375  0.42433375 -0.         ... -1.2730012   0.42433375
  0.42433375]
[1.30482614e-05 5.21930458e-05 3.91447843e-05 0.00000000e+00
 2.60965229e-05 1.30482614e-05 1.30482614e-05 1.30482614e-05
 2.60959323e-05 3.91447843e-05 1.30482614e-05 1.30482614e-05
 1.30482614e-05 2.60965229e-05 3.91447843e-05 5.21930458e-05
 5.21930458e-05 3.91447843e-05 3.91447843e-05 3.91447843e-05
 1.30482614e-05 1.30482614e-05 6.52413072e-05 7.82895686e-05
 3.91447843e-05 9.13378301e-05 9.13357631e-05 2.34868706e-04
 1.82675660e-04 1.43530876e-04 1.43530876e-04 1.04386092e-04
 1.95723922e-04 2.08772183e-04 2.21820445e-04 2.60965229e-04
 1.69627399e-04 1.17434353e-04 1.56579137e-04 1.17433024e-04
 9.13378301e-05 7.82895686e-05 1.43530876e-04 2.60965229e-05
 3.91447843e-05 9.13378301e-05 7.82895686e-05 5.21924552e-05
 7.82895686e-05 1.04386092e-04 3.91447843e-05 7.82895686e-05
 6.52413072e-05 7.82895686e-05 7.82895686e-05 6.52413072e-05
 5.21924552e-05 7.82895686e-05 1.17434353e-04 6.52413072e-05
 7.82895686e-05 7.82895686e-05 7.82895686e-05 1.17434353e-04
 7.82895686e-05 1.43529252e-04 7.82895686e-05 5.21930458e-05
 5.21930458e-05 5.21930458e-05 9.13378301e-05 9.13378301e-05
 1.17434353e-04 5.21924552e-05 1.04386092e-04 7.82895686e-05
 6.52413072e-05 9.13378301e-05 5.21930458e-05 6.52413072e-05
 7.82895686e-05 3.91447843e-05 9.13367966e-05 3.91447843e-05
 7.82895686e-05 3.91447843e-05 5.21930458e-05 1.30482614e-05
 2.60965229e-05 2.60965229e-05 6.52413072e-05 2.60962276e-05
 3.91447843e-05 5.21930458e-05 6.52413072e-05 2.60965229e-05
 2.60965229e-05 2.60965229e-05 1.30482614e-05 1.30481138e-05
 2.60965229e-05 5.21930458e-05 2.60965229e-05 2.60965229e-05
 1.30482614e-05 5.21930458e-05 1.30482614e-05 6.52413072e-05
 1.30481138e-05 1.30482614e-05 5.21930458e-05 0.00000000e+00
 1.30482614e-05 1.30482614e-05 0.00000000e+00 2.60965229e-05
 2.60965229e-05 1.30481138e-05 2.60965229e-05 0.00000000e+00
 0.00000000e+00 0.00000000e+00 0.00000000e+00 0.00000000e+00
 0.00000000e+00 1.30481138e-05 1.30482614e-05 0.00000000e+00
 0.00000000e+00 0.00000000e+00 0.00000000e+00 0.00000000e+00
 0.00000000e+00 0.00000000e+00 0.00000000e+00 0.00000000e+00
 0.00000000e+00 0.00000000e+00 0.00000000e+00 0.00000000e+00
 0.00000000e+00 0.00000000e+00 0.00000000e+00 0.00000000e+00
 0.00000000e+00 0.00000000e+00 0.00000000e+00 0.00000000e+00
 0.00000000e+00 0.00000000e+00 1.30482614e-05 0.00000000e+00
 0.00000000e+00 1.30482614e-05 0.00000000e+00 0.00000000e+00
 1.30482614e-05 0.00000000e+00 0.00000000e+00 0.00000000e+00
 0.00000000e+00 0.00000000e+00 1.30481876e-05 1.30482614e-05
 0.00000000e+00 0.00000000e+00 0.00000000e+00 0.00000000e+00
 0.00000000e+00 0.00000000e+00 0.00000000e+00 0.00000000e+00
 0.00000000e+00 0.00000000e+00 0.00000000e+00 0.00000000e+00
 0.00000000e+00 0.00000000e+00 0.00000000e+00 0.00000000e+00
 0.00000000e+00 0.00000000e+00 0.00000000e+00 0.00000000e+00
 0.00000000e+00 0.00000000e+00 0.00000000e+00 0.00000000e+00
 0.00000000e+00 0.00000000e+00 0.00000000e+00 0.00000000e+00
 0.00000000e+00 0.00000000e+00 0.00000000e+00 0.00000000e+00
 0.00000000e+00 0.00000000e+00 0.00000000e+00 1.30482614e-05
 0.00000000e+00 0.00000000e+00 6.52411227e-05 1.30482614e-05
 2.60964860e-05 1.04385944e-04 1.69627159e-04 4.04495533e-04
 4.43640262e-04 4.43640262e-04 1.00471471e-03 1.18739179e-03
 2.63574508e-03 4.42335437e-03 7.64627039e-03 1.27872781e-02
 2.36956093e-02 3.80617248e-02 6.14963692e-02 9.42996521e-02
 1.44300621e-01 2.08797910e-01 2.87322412e-01 3.76037315e-01
 4.57588914e-01 5.30424126e-01 5.81625534e-01 5.88006074e-01
 5.58908489e-01 4.91266435e-01 4.14934127e-01 3.21221646e-01
 2.42971419e-01 1.69914280e-01 1.15450854e-01 7.36703799e-02
 4.60602977e-02 2.84060250e-02 1.56839992e-02 9.91666467e-03
 4.91918761e-03 2.71403454e-03 1.35701727e-03 1.09605241e-03
 4.56688505e-04 3.91447290e-04 2.21820131e-04 1.56578916e-04
 2.60964860e-04 3.39254797e-04 2.08771592e-04 2.08772183e-04
 3.52302062e-04 3.52303059e-04 1.82675143e-04 9.13378301e-05]
[-3.39467    -2.9703362  -2.5460024  -2.1216688  -1.697335   -1.2730012
 -0.8486675  -0.42433375  0.          0.42433375  0.8486675   1.2730012
  1.697335    2.1216688   2.5460024   2.9703362 ]
