[ 1.3309616  -0.53223526 -0.6748727  ... -0.48121646  0.6678609
  0.52662694]
[ 1.1627293  -0.38757643 -0.77515286 ... -0.38757643  0.77515286
  0.38757643]
[2.18463288e-05 0.00000000e+00 0.00000000e+00 0.00000000e+00
 0.00000000e+00 0.00000000e+00 2.18463288e-05 2.18459261e-05
 2.18463288e-05 0.00000000e+00 0.00000000e+00 2.18459261e-05
 2.18463288e-05 4.36926577e-05 2.18463288e-05 6.55389865e-05
 2.18459261e-05 2.18463288e-05 6.55389865e-05 2.18463288e-05
 0.00000000e+00 1.09229631e-04 6.55389865e-05 8.73853153e-05
 2.18463288e-05 1.31077973e-04 1.09229631e-04 4.36926577e-05
 6.55389865e-05 1.09231644e-04 4.36926577e-05 6.55377784e-05
 1.52924302e-04 8.73853153e-05 1.31077973e-04 1.52921483e-04
 1.31077973e-04 1.09231644e-04 8.73853153e-05 6.55389865e-05
 1.52921483e-04 1.31077973e-04 1.96616959e-04 1.74770631e-04
 1.74770631e-04 1.09229631e-04 8.73853153e-05 1.52924302e-04
 6.55389865e-05 1.96616959e-04 1.74767409e-04 1.96616959e-04
 1.52924302e-04 1.52924302e-04 1.09230637e-04 1.52924302e-04
 4.36922550e-05 2.40309617e-04 8.73845099e-05 6.55389865e-05
 1.09231644e-04 1.74769020e-04 6.55389865e-05 2.40307402e-04
 6.55389865e-05 1.52922892e-04 4.36926577e-05 1.52924302e-04
 8.73845099e-05 1.09231644e-04 1.52922892e-04 1.74770631e-04
 2.18461275e-04 6.55389865e-05 3.27694932e-04 1.52922892e-04
 1.52924302e-04 1.31076765e-04 2.40309617e-04 6.55389865e-05
 1.96615147e-04 6.55389865e-05 1.96615147e-04 8.73853153e-05
 1.96615147e-04 1.52924302e-04 1.52924302e-04 2.18461275e-05
 1.31077973e-04 1.96615147e-04 1.09231644e-04 4.36926577e-05
 2.40307402e-04 1.09231644e-04 2.62153530e-04 8.73853153e-05
 2.18461275e-05 1.31077973e-04 6.55389865e-05 1.09230637e-04
 1.09231644e-04 1.09230637e-04 1.09231644e-04 1.31077973e-04
 2.18461275e-05 8.73853153e-05 1.52922892e-04 2.18463288e-05
 1.09230637e-04 6.55389865e-05 4.36926577e-05 2.18461275e-05
 1.31077973e-04 6.55383825e-05 4.36926577e-05 4.36926577e-05
 6.55383825e-05 1.09231644e-04 2.18461275e-05 0.00000000e+00
 2.18461275e-05 2.18463288e-05 4.36926577e-05 2.18461275e-05
 4.36926577e-05 2.18461275e-05 0.00000000e+00 0.00000000e+00
 2.18463288e-05 2.18463288e-05 0.00000000e+00 0.00000000e+00
 0.00000000e+00 0.00000000e+00 2.18462282e-05 2.18462282e-05
 0.00000000e+00 2.18463288e-05 0.00000000e+00 2.18462282e-05
 4.36924563e-05 0.00000000e+00 0.00000000e+00 0.00000000e+00
 0.00000000e+00 0.00000000e+00 4.36924563e-05 0.00000000e+00
 0.00000000e+00 0.00000000e+00 0.00000000e+00 0.00000000e+00
 0.00000000e+00 0.00000000e+00 0.00000000e+00 2.18463288e-05
 2.18462282e-05 0.00000000e+00 2.18462282e-05 6.55386845e-05
 4.36924563e-05 6.55389865e-05 6.55386845e-05 8.73849126e-05
 6.55386845e-05 1.09231141e-04 4.36924563e-05 1.96616959e-04
 1.52923597e-04 1.96616053e-04 1.74769825e-04 3.49539650e-04
 2.84001620e-04 4.58770791e-04 4.15078335e-04 7.42773469e-04
 5.46155704e-04 6.55386845e-04 1.00492881e-03 1.46369729e-03
 1.81323694e-03 2.57786086e-03 2.90554834e-03 4.43478432e-03
 5.33049195e-03 6.81602318e-03 1.06391131e-02 1.48117768e-02
 1.89843723e-02 2.40090324e-02 3.38398074e-02 4.30808116e-02
 6.03611979e-02 7.49107163e-02 9.00721024e-02 1.13884519e-01
 1.42350023e-01 1.72366939e-01 2.06818480e-01 2.42973750e-01
 2.79326195e-01 3.16945261e-01 3.60965436e-01 3.92271325e-01
 4.28623243e-01 4.55953022e-01 4.72293947e-01 4.89377709e-01
 4.98487593e-01 4.95931582e-01 4.79219275e-01 4.62419378e-01
 4.35854475e-01 4.02102023e-01 3.74379028e-01 3.34706447e-01
 3.00953812e-01 2.60581960e-01 2.28664734e-01 1.87309560e-01
 1.55545324e-01 1.31055674e-01 1.03092351e-01 8.27973001e-02
 6.21962832e-02 4.84330878e-02 3.57841629e-02 2.66305828e-02
 1.80449845e-02 1.47680502e-02 1.01803658e-02 6.51017599e-03
 5.19940230e-03 2.97109387e-03 2.44677755e-03 1.72585202e-03
 1.33262299e-03 1.07046518e-03 1.04861895e-03 8.52004861e-04
 5.89848160e-04 6.55386845e-04 6.11695798e-04 3.05847194e-04
 2.40308510e-04 1.96616506e-04 1.74769825e-04 1.31077671e-04
 1.96616053e-04 8.73849126e-05 1.96616053e-04 0.00000000e+00
 2.18463288e-05 4.36924563e-05 0.00000000e+00 4.36924563e-05]
[-3.1006114  -2.713035   -2.3254585  -1.9378822  -1.5503057  -1.1627293
 -0.77515286 -0.38757643  0.          0.38757643  0.77515286  1.1627293
  1.5503057   1.9378822   2.3254585   2.713035  ]
