[ 0.05499387  0.32503936 -0.54750407 ... -1.0656561  -0.3704053
  0.29275578]
[ 0.          0.41117397 -0.41117397 ... -1.2335219  -0.41117397
  0.41117397]
[3.48092453e-06 0.00000000e+00 1.04427736e-05 6.96175819e-06
 3.48092453e-06 3.48092453e-06 0.00000000e+00 6.96184907e-06
 1.04427736e-05 1.74046227e-05 1.74046227e-05 1.04426373e-05
 1.04427736e-05 1.74046227e-05 1.39236981e-05 1.74046227e-05
 2.08855472e-05 3.48092453e-05 2.08852746e-05 2.43664717e-05
 1.74046227e-05 4.17710944e-05 6.61375661e-05 3.82901699e-05
 4.87329435e-05 5.91749446e-05 6.61375661e-05 6.26566416e-05
 7.65803397e-05 8.35421888e-05 1.11389585e-04 1.04427736e-04
 1.49679755e-04 1.28792527e-04 1.14870510e-04 1.21832359e-04
 1.53160679e-04 1.49679755e-04 1.28794208e-04 1.53160679e-04
 1.35754285e-04 1.56641604e-04 1.63603453e-04 1.46198830e-04
 2.05374547e-04 1.77527151e-04 1.67084378e-04 9.39837356e-05
 1.70565302e-04 1.35756057e-04 7.65803397e-05 1.11389585e-04
 1.18351434e-04 1.39236981e-04 9.05040379e-05 8.70219774e-05
 1.63603453e-04 1.46198830e-04 1.77527151e-04 8.35421888e-05
 1.25313283e-04 1.28794208e-04 1.35754285e-04 1.11389585e-04
 1.25313283e-04 1.11389585e-04 8.70231133e-05 6.96184907e-05
 1.04427736e-04 8.70219774e-05 7.65803397e-05 1.04427736e-04
 6.26566416e-05 6.61375661e-05 1.00946811e-04 9.39849624e-05
 1.14870510e-04 9.05028565e-05 6.96184907e-05 6.61375661e-05
 8.00612643e-05 8.70231133e-05 1.04427736e-04 8.70231133e-05
 5.91749446e-05 4.52520189e-05 4.52520189e-05 5.56947925e-05
 7.65803397e-05 7.30994152e-05 7.30994152e-05 5.22138680e-05
 4.52514282e-05 7.30994152e-05 3.82901699e-05 6.61375661e-05
 6.26566416e-05 2.78473963e-05 2.78473963e-05 8.35410983e-05
 3.82901699e-05 2.43664717e-05 4.87329435e-05 4.17710944e-05
 2.43663127e-05 3.48092453e-05 3.48092453e-05 3.13283208e-05
 1.39236073e-05 3.82901699e-05 4.17710944e-05 2.78473963e-05
 1.39236073e-05 1.74046227e-05 2.43664717e-05 2.78473963e-05
 6.96180363e-06 1.74046227e-05 1.74046227e-05 1.74045091e-05
 2.08855472e-05 2.08855472e-05 1.04427736e-05 1.74045091e-05
 1.04427736e-05 1.39236981e-05 1.04427736e-05 1.39236073e-05
 6.96184907e-06 0.00000000e+00 6.96180363e-06 1.74046227e-05
 3.48092453e-06 1.39236981e-05 1.39236073e-05 0.00000000e+00
 3.48092453e-06 0.00000000e+00 3.48090181e-06 6.96184907e-06
 6.96184907e-06 3.48090181e-06 0.00000000e+00 3.48092453e-06
 0.00000000e+00 6.96180363e-06 6.96184907e-06 0.00000000e+00
 2.08855472e-05 3.48090181e-06 3.48092453e-06 0.00000000e+00
 6.96180363e-06 3.48092453e-06 0.00000000e+00 0.00000000e+00
 3.48091317e-06 0.00000000e+00 6.96184907e-06 3.48091317e-06
 0.00000000e+00 0.00000000e+00 0.00000000e+00 3.48092453e-06
 3.48091317e-06 0.00000000e+00 0.00000000e+00 0.00000000e+00
 3.48091317e-06 0.00000000e+00 0.00000000e+00 0.00000000e+00
 0.00000000e+00 0.00000000e+00 0.00000000e+00 0.00000000e+00
 0.00000000e+00 3.48091317e-06 6.96184907e-06 0.00000000e+00
 1.39236981e-05 1.39236527e-05 1.04427736e-05 2.43663922e-05
 4.52519451e-05 5.56947017e-05 1.14870322e-04 2.08855131e-04
 3.79420155e-04 6.43969988e-04 8.77191551e-04 1.50375694e-03
 2.40879192e-03 3.85337717e-03 6.11249351e-03 9.33234345e-03
 1.46720730e-02 2.15434068e-02 3.27345609e-02 4.85344516e-02
 7.05581676e-02 1.00233058e-01 1.39191502e-01 1.86650350e-01
 2.42459922e-01 3.04423634e-01 3.67773001e-01 4.31609483e-01
 4.81348323e-01 5.19969163e-01 5.34985845e-01 5.30874826e-01
 5.05989846e-01 4.58833744e-01 4.04931727e-01 3.40238932e-01
 2.77582280e-01 2.20290040e-01 1.68069068e-01 1.24265322e-01
 9.12418450e-02 6.31891200e-02 4.31947221e-02 2.91526954e-02
 1.95766876e-02 1.24895368e-02 7.76591729e-03 4.90461467e-03
 2.81606335e-03 1.83096332e-03 1.13477955e-03 7.03145608e-04
 4.94290477e-04 2.92397184e-04 3.27206372e-04 2.19297888e-04
 2.71511671e-04 2.33221563e-04 2.40183009e-04 2.78473963e-04
 2.43663922e-04 2.15817321e-04 1.60122006e-04 1.42717906e-04
 7.30991767e-05 9.74655689e-05 7.65803397e-05 4.52518713e-05
 2.78473963e-05 1.39236527e-05 1.74046227e-05 1.74045659e-05
 0.00000000e+00 3.48091317e-06 0.00000000e+00 3.48091317e-06]
[-3.2893918  -2.8782177  -2.4670439  -2.0558698  -1.6446959  -1.2335219
 -0.82234794 -0.41117397 -0.          0.41117397  0.82234794  1.2335219
  1.6446959   2.0558698   2.4670439   2.8782177 ]
