[ 0.29926765  0.6220813  -0.53761464 ... -1.5306008   0.45834485
  1.1637261 ]
[ 0.45099363  0.45099363 -0.45099363 ... -1.3529809   0.45099363
  1.3529809 ]
[2.61898879e-05 0.00000000e+00 3.92848319e-05 1.30949440e-05
 0.00000000e+00 1.30946827e-05 1.30949440e-05 1.30949440e-05
 1.30949440e-05 1.30946827e-05 2.61898879e-05 1.30949440e-05
 2.61898879e-05 3.92840482e-05 2.61898879e-05 0.00000000e+00
 2.61893655e-05 3.92848319e-05 2.61898879e-05 3.92848319e-05
 1.30946827e-05 1.30949440e-05 1.30949440e-05 3.92848319e-05
 1.30946827e-05 1.30949440e-05 2.61898879e-05 2.61893655e-05
 5.23797759e-05 3.92848319e-05 1.30949440e-05 5.23787310e-05
 5.23797759e-05 5.23797759e-05 5.23797759e-05 2.61893655e-05
 5.23797759e-05 2.61898879e-05 3.92848319e-05 9.16627792e-05
 5.23797759e-05 6.54747199e-05 7.85680964e-05 6.54747199e-05
 1.17854496e-04 1.04759552e-04 3.92840482e-05 5.23797759e-05
 7.85696638e-05 1.17854496e-04 9.16627792e-05 3.92848319e-05
 3.92848319e-05 3.92840482e-05 3.92848319e-05 7.85696638e-05
 3.92848319e-05 3.92840482e-05 1.04759552e-04 2.61898879e-05
 1.44044384e-04 5.23792534e-05 7.85688801e-05 5.23797759e-05
 3.92844401e-05 5.23792534e-05 3.92848319e-05 1.30948134e-04
 5.23797759e-05 6.54740668e-05 5.23797759e-05 6.54740668e-05
 5.23797759e-05 1.30948134e-05 7.85696638e-05 9.16636935e-05
 6.54747199e-05 1.17853320e-04 6.54740668e-05 2.61898879e-05
 6.54740668e-05 1.17854496e-04 7.85688801e-05 6.54747199e-05
 6.54740668e-05 6.54747199e-05 3.92844401e-05 5.23797759e-05
 9.16636935e-05 0.00000000e+00 3.92844401e-05 5.23792534e-05
 9.16646078e-05 5.23792534e-05 2.61898879e-05 9.16636935e-05
 3.92848319e-05 5.23792534e-05 3.92848319e-05 2.61896267e-05
 7.85696638e-05 3.92844401e-05 5.23797759e-05 2.61896267e-05
 6.54747199e-05 5.23792534e-05 5.23792534e-05 2.61898879e-05
 2.61896267e-05 9.16646078e-05 7.85688801e-05 1.30949440e-05
 3.92844401e-05 6.54747199e-05 3.92844401e-05 0.00000000e+00
 3.92844401e-05 5.23797759e-05 5.23792534e-05 1.30948134e-05
 6.54747199e-05 3.92844401e-05 2.61898879e-05 6.54740668e-05
 3.92848319e-05 1.30948134e-05 2.61898879e-05 5.23792534e-05
 6.54747199e-05 3.92844401e-05 1.30949440e-05 1.30948134e-05
 1.30948134e-05 9.16646078e-05 5.23792534e-05 0.00000000e+00
 1.30948134e-05 0.00000000e+00 2.61896267e-05 2.61898879e-05
 1.30948134e-05 1.30949440e-05 2.61896267e-05 1.30949440e-05
 0.00000000e+00 0.00000000e+00 1.30948787e-05 1.30948787e-05
 0.00000000e+00 2.61897573e-05 0.00000000e+00 1.30948787e-05
 0.00000000e+00 1.30948787e-05 2.61897573e-05 1.30948787e-05
 0.00000000e+00 2.61897573e-05 2.61897573e-05 0.00000000e+00
 1.30948787e-05 0.00000000e+00 0.00000000e+00 1.30948787e-05
 0.00000000e+00 0.00000000e+00 0.00000000e+00 1.30948787e-05
 0.00000000e+00 0.00000000e+00 0.00000000e+00 0.00000000e+00
 0.00000000e+00 0.00000000e+00 0.00000000e+00 0.00000000e+00
 1.30948787e-05 0.00000000e+00 0.00000000e+00 0.00000000e+00
 0.00000000e+00 0.00000000e+00 0.00000000e+00 1.30948787e-05
 0.00000000e+00 0.00000000e+00 0.00000000e+00 0.00000000e+00
 1.30948787e-05 0.00000000e+00 0.00000000e+00 0.00000000e+00
 0.00000000e+00 0.00000000e+00 0.00000000e+00 0.00000000e+00
 0.00000000e+00 0.00000000e+00 0.00000000e+00 0.00000000e+00
 0.00000000e+00 0.00000000e+00 0.00000000e+00 0.00000000e+00
 0.00000000e+00 0.00000000e+00 1.30948460e-05 1.30948787e-05
 6.54743933e-05 5.23795146e-05 1.30948787e-04 4.05940732e-04
 5.76174661e-04 1.02140054e-03 1.74161669e-03 3.10348624e-03
 5.36890025e-03 1.05413773e-02 1.86994751e-02 3.28943147e-02
 5.17378333e-02 8.48417189e-02 1.29521364e-01 1.91447066e-01
 2.61871302e-01 3.44722573e-01 4.25858350e-01 4.84811466e-01
 5.24148545e-01 5.28980512e-01 4.91005379e-01 4.33754558e-01
 3.52566403e-01 2.74507856e-01 1.97654037e-01 1.39918691e-01
 9.23188946e-02 5.81543199e-02 3.59977990e-02 1.95768436e-02
 1.11044571e-02 6.11530071e-03 3.07729649e-03 1.63685983e-03
 8.38071189e-04 4.97605389e-04 3.27371967e-04 2.61897247e-04
 2.74992452e-04 1.57138544e-04 1.70233423e-04 1.44043665e-04
 5.23793840e-05 3.92846360e-05 1.30948787e-05 2.61897573e-05]
[-3.607949   -3.1569555  -2.7059617  -2.2549682  -1.8039745  -1.3529809
 -0.90198725 -0.45099363 -0.          0.45099363  0.90198725  1.3529809
  1.8039745   2.2549682   2.7059617   3.1569555 ]
