[ 0.0061492   0.01502718  0.01469237 ... -0.00658858  0.01465664
 -0.008321  ]
[ 0.          0.02066287  0.02066287 ... -0.          0.02066287
 -0.        ]
[5.00920049e-05 0.00000000e+00 0.00000000e+00 0.00000000e+00
 2.50460025e-05 0.00000000e+00 0.00000000e+00 2.50460907e-05
 0.00000000e+00 0.00000000e+00 0.00000000e+00 5.00920049e-05
 0.00000000e+00 2.50460025e-05 0.00000000e+00 0.00000000e+00
 0.00000000e+00 0.00000000e+00 0.00000000e+00 0.00000000e+00
 0.00000000e+00 0.00000000e+00 0.00000000e+00 0.00000000e+00
 2.50460025e-05 0.00000000e+00 2.50460025e-05 0.00000000e+00
 5.00921814e-05 0.00000000e+00 0.00000000e+00 2.50460025e-05
 7.51380074e-05 2.50460907e-05 7.51380074e-05 5.00920049e-05
 7.51380074e-05 7.51381397e-05 1.00184010e-04 5.00920931e-05
 1.25230012e-04 7.51380074e-05 1.00184186e-04 1.25230012e-04
 2.25414419e-04 2.50460025e-04 2.50460025e-04 2.75506512e-04
 2.75506027e-04 5.00920931e-04 4.25782042e-04 4.75874466e-04
 8.51564084e-04 1.62799159e-03 2.57974053e-03 5.13443503e-03
 1.16714474e-02 2.68743606e-02 7.83690107e-02 2.14719568e-01
 6.03258281e-01 1.56254633e+00 3.56206987e+00 6.67729371e+00
 9.98437006e+00 1.16245086e+01 1.04591424e+01 7.27376385e+00
 4.03922247e+00 1.84035603e+00 7.18044477e-01 2.54968417e-01
 8.83623745e-02 3.35867189e-02 1.25981503e-02 5.48507454e-03
 2.12891208e-03 1.50276147e-03 5.51012539e-04 2.75506027e-04
 4.00736745e-04 7.51380074e-05 1.75322017e-04 7.51381397e-05
 5.00920049e-05 2.50460466e-05 5.00920049e-05 0.00000000e+00
 0.00000000e+00 5.00920049e-05 0.00000000e+00 5.00920049e-05
 0.00000000e+00 0.00000000e+00 0.00000000e+00 0.00000000e+00
 0.00000000e+00 0.00000000e+00 2.50460025e-05 5.00921814e-05
 2.50460025e-05 0.00000000e+00 0.00000000e+00 0.00000000e+00
 0.00000000e+00 0.00000000e+00 0.00000000e+00 0.00000000e+00
 0.00000000e+00 0.00000000e+00 0.00000000e+00 0.00000000e+00
 0.00000000e+00 0.00000000e+00 0.00000000e+00 0.00000000e+00
 0.00000000e+00 2.50460025e-05 0.00000000e+00 0.00000000e+00
 0.00000000e+00 0.00000000e+00 0.00000000e+00 0.00000000e+00
 0.00000000e+00 0.00000000e+00 0.00000000e+00 0.00000000e+00
 0.00000000e+00 0.00000000e+00 0.00000000e+00 0.00000000e+00
 0.00000000e+00 0.00000000e+00 0.00000000e+00 0.00000000e+00
 0.00000000e+00 0.00000000e+00 0.00000000e+00 0.00000000e+00
 0.00000000e+00 0.00000000e+00 0.00000000e+00 0.00000000e+00
 0.00000000e+00 2.50460025e-05 0.00000000e+00 0.00000000e+00
 0.00000000e+00 0.00000000e+00 0.00000000e+00 0.00000000e+00
 0.00000000e+00 0.00000000e+00 0.00000000e+00 0.00000000e+00
 0.00000000e+00 0.00000000e+00 0.00000000e+00 0.00000000e+00
 0.00000000e+00 0.00000000e+00 0.00000000e+00 0.00000000e+00
 0.00000000e+00 0.00000000e+00 2.50460025e-05 0.00000000e+00
 0.00000000e+00 0.00000000e+00 0.00000000e+00 0.00000000e+00
 0.00000000e+00 0.00000000e+00 0.00000000e+00 0.00000000e+00
 0.00000000e+00 0.00000000e+00 0.00000000e+00 0.00000000e+00
 0.00000000e+00 0.00000000e+00 0.00000000e+00 0.00000000e+00
 0.00000000e+00 0.00000000e+00 0.00000000e+00 0.00000000e+00
 0.00000000e+00 0.00000000e+00 0.00000000e+00 0.00000000e+00
 0.00000000e+00 0.00000000e+00 0.00000000e+00 0.00000000e+00
 0.00000000e+00 0.00000000e+00 0.00000000e+00 0.00000000e+00
 0.00000000e+00 0.00000000e+00 0.00000000e+00 0.00000000e+00
 0.00000000e+00 0.00000000e+00 0.00000000e+00 0.00000000e+00
 0.00000000e+00 0.00000000e+00 0.00000000e+00 0.00000000e+00
 0.00000000e+00 0.00000000e+00 0.00000000e+00 0.00000000e+00
 0.00000000e+00 0.00000000e+00 0.00000000e+00 0.00000000e+00
 0.00000000e+00 0.00000000e+00 0.00000000e+00 0.00000000e+00
 0.00000000e+00 0.00000000e+00 0.00000000e+00 0.00000000e+00
 0.00000000e+00 0.00000000e+00 2.50458260e-05 0.00000000e+00
 0.00000000e+00 0.00000000e+00 0.00000000e+00 0.00000000e+00
 0.00000000e+00 0.00000000e+00 0.00000000e+00 0.00000000e+00
 0.00000000e+00 0.00000000e+00 0.00000000e+00 0.00000000e+00
 0.00000000e+00 0.00000000e+00 0.00000000e+00 0.00000000e+00
 0.00000000e+00 0.00000000e+00 0.00000000e+00 0.00000000e+00
 0.00000000e+00 0.00000000e+00 0.00000000e+00 2.50461789e-05]
[-0.16530299 -0.14464012 -0.12397724 -0.10331437 -0.0826515  -0.06198862
 -0.04132575 -0.02066287 -0.          0.02066287  0.04132575  0.06198862
  0.0826515   0.10331437  0.12397724  0.14464012]
