[ 0.00767088 -0.00950517 -0.03491511 ...  0.00484181 -0.02557934
 -0.00680237]
[ 0.         -0.         -0.04196918 ...  0.         -0.02098459
 -0.        ]
[1.98379488e-05 0.00000000e+00 0.00000000e+00 0.00000000e+00
 0.00000000e+00 0.00000000e+00 0.00000000e+00 0.00000000e+00
 0.00000000e+00 0.00000000e+00 0.00000000e+00 0.00000000e+00
 0.00000000e+00 0.00000000e+00 0.00000000e+00 0.00000000e+00
 0.00000000e+00 0.00000000e+00 0.00000000e+00 0.00000000e+00
 0.00000000e+00 0.00000000e+00 0.00000000e+00 1.98379488e-05
 0.00000000e+00 0.00000000e+00 1.98379488e-05 0.00000000e+00
 0.00000000e+00 0.00000000e+00 0.00000000e+00 0.00000000e+00
 0.00000000e+00 0.00000000e+00 1.98379488e-05 0.00000000e+00
 1.98379488e-05 0.00000000e+00 5.95138463e-05 0.00000000e+00
 0.00000000e+00 0.00000000e+00 0.00000000e+00 0.00000000e+00
 0.00000000e+00 0.00000000e+00 0.00000000e+00 0.00000000e+00
 1.98379488e-05 1.98378934e-05 3.96758975e-05 0.00000000e+00
 0.00000000e+00 1.98378934e-05 3.96758975e-05 0.00000000e+00
 1.98379211e-05 1.98379211e-05 1.98379211e-05 1.98379488e-05
 5.95137633e-05 1.38865448e-04 9.91896054e-05 9.91896054e-05
 1.98379211e-04 3.76920501e-04 4.95948373e-04 5.15785948e-04
 1.19027527e-03 2.36071426e-03 5.31656285e-03 1.75168843e-02
 5.99105217e-02 2.32857599e-01 8.86378461e-01 2.72721820e+00
 6.36769605e+00 1.04318520e+01 1.14276364e+01 8.37083048e+00
 4.17586328e+00 1.50704745e+00 4.37545340e-01 1.08275373e-01
 2.77532516e-02 7.97484984e-03 2.91617440e-03 1.28946487e-03
 5.15785948e-04 3.76920501e-04 2.18217132e-04 5.95138463e-05
 7.93516843e-05 1.98379211e-05 1.98379211e-05 0.00000000e+00
 5.95137633e-05 1.98379211e-05 1.98379211e-05 7.93516843e-05
 3.96758975e-05 0.00000000e+00 7.93517950e-05 1.98378934e-05
 1.98379488e-05 1.98379488e-05 3.96757868e-05 0.00000000e+00
 0.00000000e+00 1.98379488e-05 0.00000000e+00 0.00000000e+00
 0.00000000e+00 0.00000000e+00 0.00000000e+00 0.00000000e+00
 0.00000000e+00 0.00000000e+00 0.00000000e+00 0.00000000e+00
 0.00000000e+00 0.00000000e+00 0.00000000e+00 0.00000000e+00
 0.00000000e+00 0.00000000e+00 0.00000000e+00 0.00000000e+00
 0.00000000e+00 0.00000000e+00 0.00000000e+00 0.00000000e+00
 0.00000000e+00 0.00000000e+00 0.00000000e+00 0.00000000e+00
 0.00000000e+00 0.00000000e+00 0.00000000e+00 0.00000000e+00
 0.00000000e+00 0.00000000e+00 0.00000000e+00 0.00000000e+00
 0.00000000e+00 0.00000000e+00 0.00000000e+00 0.00000000e+00
 0.00000000e+00 0.00000000e+00 0.00000000e+00 0.00000000e+00
 0.00000000e+00 0.00000000e+00 0.00000000e+00 0.00000000e+00
 0.00000000e+00 0.00000000e+00 0.00000000e+00 0.00000000e+00
 0.00000000e+00 0.00000000e+00 0.00000000e+00 0.00000000e+00
 0.00000000e+00 0.00000000e+00 0.00000000e+00 0.00000000e+00
 0.00000000e+00 0.00000000e+00 0.00000000e+00 0.00000000e+00
 0.00000000e+00 0.00000000e+00 0.00000000e+00 0.00000000e+00
 0.00000000e+00 0.00000000e+00 0.00000000e+00 0.00000000e+00
 0.00000000e+00 0.00000000e+00 0.00000000e+00 0.00000000e+00
 0.00000000e+00 0.00000000e+00 0.00000000e+00 0.00000000e+00
 0.00000000e+00 0.00000000e+00 0.00000000e+00 0.00000000e+00
 0.00000000e+00 0.00000000e+00 0.00000000e+00 0.00000000e+00
 0.00000000e+00 0.00000000e+00 0.00000000e+00 0.00000000e+00
 0.00000000e+00 0.00000000e+00 0.00000000e+00 0.00000000e+00
 0.00000000e+00 0.00000000e+00 0.00000000e+00 0.00000000e+00
 0.00000000e+00 0.00000000e+00 0.00000000e+00 0.00000000e+00
 0.00000000e+00 0.00000000e+00 0.00000000e+00 0.00000000e+00
 0.00000000e+00 0.00000000e+00 0.00000000e+00 0.00000000e+00
 0.00000000e+00 0.00000000e+00 0.00000000e+00 0.00000000e+00
 0.00000000e+00 0.00000000e+00 0.00000000e+00 0.00000000e+00
 0.00000000e+00 0.00000000e+00 0.00000000e+00 0.00000000e+00
 0.00000000e+00 0.00000000e+00 0.00000000e+00 0.00000000e+00
 0.00000000e+00 0.00000000e+00 0.00000000e+00 0.00000000e+00
 0.00000000e+00 0.00000000e+00 1.98377274e-05 0.00000000e+00
 0.00000000e+00 0.00000000e+00 0.00000000e+00 0.00000000e+00
 0.00000000e+00 0.00000000e+00 0.00000000e+00 0.00000000e+00
 0.00000000e+00 0.00000000e+00 0.00000000e+00 1.98379488e-05]
[-0.16787674 -0.14689215 -0.12590756 -0.10492296 -0.08393837 -0.06295378
 -0.04196918 -0.02098459 -0.          0.02098459  0.04196918  0.06295378
  0.08393837  0.10492296  0.12590756  0.14689215]
