[ 0.08145682 -0.03452782  0.02870022 ...  0.01957775  0.06100031
  0.04354356]
[ 0.08387423 -0.04193711  0.02096856 ...  0.02096856  0.06290567
  0.04193711]
[3.40681405e-05 0.00000000e+00 0.00000000e+00 0.00000000e+00
 0.00000000e+00 0.00000000e+00 0.00000000e+00 3.40681405e-05
 0.00000000e+00 0.00000000e+00 0.00000000e+00 0.00000000e+00
 0.00000000e+00 0.00000000e+00 0.00000000e+00 0.00000000e+00
 0.00000000e+00 0.00000000e+00 0.00000000e+00 0.00000000e+00
 0.00000000e+00 0.00000000e+00 0.00000000e+00 0.00000000e+00
 0.00000000e+00 0.00000000e+00 0.00000000e+00 0.00000000e+00
 0.00000000e+00 0.00000000e+00 0.00000000e+00 0.00000000e+00
 0.00000000e+00 0.00000000e+00 0.00000000e+00 0.00000000e+00
 0.00000000e+00 0.00000000e+00 0.00000000e+00 0.00000000e+00
 0.00000000e+00 0.00000000e+00 0.00000000e+00 0.00000000e+00
 0.00000000e+00 0.00000000e+00 0.00000000e+00 0.00000000e+00
 0.00000000e+00 0.00000000e+00 0.00000000e+00 0.00000000e+00
 0.00000000e+00 0.00000000e+00 0.00000000e+00 0.00000000e+00
 0.00000000e+00 0.00000000e+00 0.00000000e+00 0.00000000e+00
 0.00000000e+00 0.00000000e+00 0.00000000e+00 0.00000000e+00
 0.00000000e+00 0.00000000e+00 0.00000000e+00 0.00000000e+00
 0.00000000e+00 0.00000000e+00 0.00000000e+00 0.00000000e+00
 0.00000000e+00 0.00000000e+00 0.00000000e+00 0.00000000e+00
 0.00000000e+00 0.00000000e+00 0.00000000e+00 0.00000000e+00
 0.00000000e+00 0.00000000e+00 0.00000000e+00 0.00000000e+00
 0.00000000e+00 0.00000000e+00 3.40684670e-05 0.00000000e+00
 0.00000000e+00 0.00000000e+00 0.00000000e+00 0.00000000e+00
 0.00000000e+00 0.00000000e+00 0.00000000e+00 0.00000000e+00
 0.00000000e+00 0.00000000e+00 0.00000000e+00 0.00000000e+00
 0.00000000e+00 0.00000000e+00 3.40684670e-05 0.00000000e+00
 0.00000000e+00 0.00000000e+00 0.00000000e+00 0.00000000e+00
 0.00000000e+00 0.00000000e+00 0.00000000e+00 0.00000000e+00
 0.00000000e+00 0.00000000e+00 0.00000000e+00 0.00000000e+00
 0.00000000e+00 0.00000000e+00 0.00000000e+00 0.00000000e+00
 0.00000000e+00 0.00000000e+00 0.00000000e+00 0.00000000e+00
 0.00000000e+00 0.00000000e+00 0.00000000e+00 0.00000000e+00
 0.00000000e+00 0.00000000e+00 0.00000000e+00 0.00000000e+00
 0.00000000e+00 0.00000000e+00 0.00000000e+00 0.00000000e+00
 0.00000000e+00 0.00000000e+00 0.00000000e+00 0.00000000e+00
 0.00000000e+00 0.00000000e+00 0.00000000e+00 0.00000000e+00
 0.00000000e+00 0.00000000e+00 0.00000000e+00 0.00000000e+00
 0.00000000e+00 0.00000000e+00 0.00000000e+00 0.00000000e+00
 0.00000000e+00 0.00000000e+00 0.00000000e+00 0.00000000e+00
 0.00000000e+00 0.00000000e+00 0.00000000e+00 3.40683038e-05
 0.00000000e+00 3.40684670e-05 0.00000000e+00 0.00000000e+00
 0.00000000e+00 0.00000000e+00 0.00000000e+00 0.00000000e+00
 0.00000000e+00 0.00000000e+00 0.00000000e+00 3.40684670e-05
 0.00000000e+00 0.00000000e+00 0.00000000e+00 0.00000000e+00
 0.00000000e+00 0.00000000e+00 0.00000000e+00 3.40684670e-05
 0.00000000e+00 0.00000000e+00 0.00000000e+00 0.00000000e+00
 0.00000000e+00 0.00000000e+00 0.00000000e+00 3.40683854e-05
 0.00000000e+00 0.00000000e+00 3.40683854e-05 3.40683854e-05
 0.00000000e+00 0.00000000e+00 6.81367707e-05 3.40683854e-05
 1.70341927e-04 1.36273541e-04 1.02205156e-04 1.70341927e-04
 1.70341927e-04 1.36273541e-04 2.04410312e-04 1.70341927e-04
 1.70342131e-04 3.06615468e-04 6.13230937e-04 7.15436093e-04
 9.87983176e-04 1.83969281e-03 3.06615468e-03 6.54112999e-03
 1.33888754e-02 2.65392722e-02 5.86657947e-02 1.34399780e-01
 2.91148421e-01 6.49650040e-01 1.33524223e+00 2.57141436e+00
 4.46817095e+00 6.97741078e+00 9.50470548e+00 1.13931503e+01
 1.18115101e+01 1.05458013e+01 8.16585251e+00 5.57140747e+00
 3.35703056e+00 1.81403986e+00 8.95896330e-01 4.28920972e-01
 1.94019455e-01 8.37741596e-02 3.65553994e-02 1.61824830e-02
 8.34675441e-03 3.03208630e-03 2.04410312e-03 1.39680380e-03
 6.13230937e-04 3.40683854e-04 1.70341927e-04 1.70341927e-04
 1.70342131e-04 6.81367707e-05 0.00000000e+00 3.40683854e-05
 3.40683854e-05 0.00000000e+00 0.00000000e+00 6.81367707e-05
 0.00000000e+00 0.00000000e+00 3.40683854e-05 3.40683854e-05]
[-0.16774845 -0.1467799  -0.12581134 -0.10484278 -0.08387423 -0.06290567
 -0.04193711 -0.02096856 -0.          0.02096856  0.04193711  0.06290567
  0.08387423  0.10484278  0.12581134  0.1467799 ]
