[-0.03707034  0.01605263 -0.0028925  ... -0.01503963 -0.017288
 -0.03803005]
[-0.0299486  0.0149743 -0.        ... -0.0149743 -0.0149743 -0.0449229]
[3.29661662e-03 0.00000000e+00 0.00000000e+00 0.00000000e+00
 0.00000000e+00 0.00000000e+00 1.64830831e-03 0.00000000e+00
 0.00000000e+00 0.00000000e+00 0.00000000e+00 0.00000000e+00
 0.00000000e+00 1.64830831e-03 1.64832025e-03 0.00000000e+00
 0.00000000e+00 1.64832025e-03 1.64830831e-03 1.64830831e-03
 1.64832025e-03 3.29661662e-03 3.29661662e-03 3.29664050e-03
 8.24154155e-03 1.64830831e-03 6.59328100e-03 1.64830831e-03
 8.24154155e-03 1.15382418e-02 1.64830831e-02 8.24154155e-03
 1.64832025e-02 1.64830831e-02 1.15381582e-02 1.48348823e-02
 1.97796997e-02 2.63729330e-02 1.64830831e-02 1.97798430e-02
 1.81313914e-02 3.46144745e-02 3.46147253e-02 3.79110912e-02
 3.95593995e-02 3.95596860e-02 7.08772574e-02 5.10975576e-02
 7.41744113e-02 8.90086488e-02 1.05491732e-01 1.00547535e-01
 1.15381582e-01 1.53292673e-01 1.18679058e-01 1.63182523e-01
 1.87907147e-01 2.01095071e-01 1.99445306e-01 2.71970871e-01
 2.67027881e-01 3.41199820e-01 3.59331212e-01 4.05483844e-01
 3.74168697e-01 4.99437418e-01 5.06030651e-01 5.98340251e-01
 6.29653775e-01 6.51081783e-01 7.28554912e-01 7.73059398e-01
 9.82395311e-01 9.67556979e-01 1.09283237e+00 1.18184134e+00
 1.33677804e+00 1.38623231e+00 1.52139408e+00 1.66808801e+00
 1.81479402e+00 1.93676928e+00 2.07851678e+00 2.29610179e+00
 2.52850495e+00 2.59939162e+00 2.82356236e+00 2.91750571e+00
 3.25047576e+00 3.64771950e+00 3.83396513e+00 4.07298459e+00
 4.27407893e+00 4.53449616e+00 4.92845970e+00 5.18065178e+00
 5.36689186e+00 5.83173593e+00 6.43829226e+00 6.50095152e+00
 6.79599978e+00 7.35970994e+00 7.60860494e+00 7.94486045e+00
 8.15915569e+00 8.69978702e+00 9.05417395e+00 9.59317174e+00
 9.72175763e+00 1.04008443e+01 1.07436930e+01 1.10255742e+01
 1.14771916e+01 1.18925660e+01 1.23013472e+01 1.29326738e+01
 1.27727642e+01 1.32458296e+01 1.40980193e+01 1.40782395e+01
 1.43370117e+01 1.47721792e+01 1.49996328e+01 1.53276606e+01
 1.55188579e+01 1.56968756e+01 1.57364351e+01 1.61188435e+01
 1.65391630e+01 1.65094953e+01 1.66100404e+01 1.64814721e+01
 1.62474118e+01 1.65787263e+01 1.61765344e+01 1.62259837e+01
 1.58518169e+01 1.58155540e+01 1.56490745e+01 1.52188720e+01
 1.51875403e+01 1.47721792e+01 1.47045851e+01 1.43139483e+01
 1.35788007e+01 1.32639610e+01 1.32161600e+01 1.28584997e+01
 1.23293685e+01 1.21299228e+01 1.14804882e+01 1.11013967e+01
 1.05491923e+01 1.04997430e+01 1.00942767e+01 9.58822681e+00
 9.22065339e+00 8.78220258e+00 8.24157140e+00 7.93332227e+00
 7.47838835e+00 7.27565924e+00 6.65751727e+00 6.55040095e+00
 6.33117515e+00 5.64215935e+00 5.42625061e+00 5.25317761e+00
 4.83283997e+00 4.57242381e+00 4.26418904e+00 4.06802491e+00
 3.73508016e+00 3.32134125e+00 3.23234430e+00 3.01147019e+00
 2.85651830e+00 2.63895116e+00 2.47906468e+00 2.33565288e+00
 2.11313891e+00 1.84281537e+00 1.81478745e+00 1.76699291e+00
 1.47524128e+00 1.39282052e+00 1.22469751e+00 1.18843029e+00
 1.05656945e+00 9.67560483e-01 8.81844946e-01 8.65364997e-01
 7.78004341e-01 6.59323324e-01 6.75806407e-01 6.19768414e-01
 5.06030651e-01 5.22513735e-01 4.20321664e-01 3.72517678e-01
 3.69221062e-01 3.34609011e-01 2.86805646e-01 2.90102263e-01
 2.15929953e-01 1.91203764e-01 1.69775756e-01 1.46700502e-01
 1.58237598e-01 1.46699440e-01 1.28568980e-01 1.23623123e-01
 1.02195115e-01 8.57126530e-02 9.72501903e-02 8.07671072e-02
 6.75811303e-02 4.78009410e-02 4.45043244e-02 5.43941743e-02
 4.45046468e-02 3.46144745e-02 2.96695496e-02 2.47248038e-02
 2.63729330e-02 1.64830831e-02 2.47248038e-02 1.15381582e-02
 1.81313914e-02 2.63731240e-02 6.59323324e-03 8.24154155e-03
 8.24160125e-03 6.59323324e-03 3.29661662e-03 1.64832025e-03
 9.88984987e-03 6.59323324e-03 3.29664050e-03 6.59323324e-03
 3.29661662e-03 4.94496075e-03 1.64830831e-03 1.64830831e-03
 1.64830831e-03 0.00000000e+00 1.64830831e-03 0.00000000e+00
 0.00000000e+00 0.00000000e+00 1.64830831e-03 3.29664050e-03
 0.00000000e+00 0.00000000e+00 0.00000000e+00 1.64830831e-03]
[-0.11979438 -0.10482009 -0.08984579 -0.07487149 -0.05989719 -0.0449229
 -0.0299486  -0.0149743   0.          0.0149743   0.0299486   0.0449229
  0.05989719  0.07487149  0.08984579  0.10482009]
