[-0.03628107  0.01216144 -0.03997316 ... -0.0391516   0.02307534
 -0.04792655]
[-0.04810124  0.02405062 -0.04810124 ... -0.04810124  0.02405062
 -0.04810124]
[8.58052623e-04 0.00000000e+00 0.00000000e+00 0.00000000e+00
 0.00000000e+00 0.00000000e+00 0.00000000e+00 0.00000000e+00
 8.58059094e-04 0.00000000e+00 0.00000000e+00 0.00000000e+00
 0.00000000e+00 0.00000000e+00 0.00000000e+00 0.00000000e+00
 8.58059094e-04 0.00000000e+00 0.00000000e+00 1.71611819e-03
 0.00000000e+00 0.00000000e+00 0.00000000e+00 0.00000000e+00
 0.00000000e+00 1.71611819e-03 0.00000000e+00 0.00000000e+00
 8.58059094e-04 8.58059094e-04 0.00000000e+00 8.58059094e-04
 8.58059094e-04 0.00000000e+00 2.57417728e-03 2.57417728e-03
 4.29026311e-03 2.57417728e-03 0.00000000e+00 5.14835456e-03
 5.14835456e-03 2.57417728e-03 5.14835456e-03 6.00636836e-03
 5.14835456e-03 6.86447275e-03 6.00641366e-03 6.00641366e-03
 1.54450637e-02 1.54450637e-02 1.28708864e-02 1.54450637e-02
 1.54449472e-02 2.65998319e-02 1.97353592e-02 2.74578910e-02
 2.31675955e-02 3.51804228e-02 2.91740092e-02 3.51801575e-02
 4.80513093e-02 4.03287774e-02 5.74899593e-02 6.86447275e-02
 8.49478503e-02 8.58059094e-02 1.02108647e-01 1.22702450e-01
 1.58740932e-01 1.61314501e-01 1.87914942e-01 1.93063296e-01
 2.17088951e-01 2.41114605e-01 2.85732601e-01 3.06327096e-01
 3.97281360e-01 4.11866812e-01 4.79655033e-01 5.16551574e-01
 6.15228370e-01 6.50408793e-01 7.73108328e-01 8.19446435e-01
 9.73039012e-01 1.06570538e+00 1.10432205e+00 1.24847598e+00
 1.38233320e+00 1.49559700e+00 1.64231891e+00 1.85083347e+00
 2.03874841e+00 2.18804244e+00 2.43774589e+00 2.56130639e+00
 2.79898876e+00 3.04696210e+00 3.26319258e+00 3.47428127e+00
 3.76516330e+00 4.15643041e+00 4.33233220e+00 4.56916467e+00
 4.89865937e+00 5.20326053e+00 5.46239389e+00 5.81249230e+00
 6.14627729e+00 6.26810986e+00 6.59932005e+00 6.99575579e+00
 7.33725639e+00 7.50457776e+00 7.94561972e+00 7.99624516e+00
 8.35920381e+00 8.76334926e+00 9.01390228e+00 9.31079045e+00
 9.35455142e+00 9.52702114e+00 9.71236173e+00 9.90542484e+00
 9.80674814e+00 9.88397338e+00 1.01688487e+01 1.01679907e+01
 1.01302361e+01 1.01250878e+01 1.00332755e+01 1.01002041e+01
 1.00118241e+01 9.95690834e+00 9.66259435e+00 9.48926657e+00
 9.21468792e+00 9.08512112e+00 8.79767160e+00 8.71787217e+00
 8.32745566e+00 8.06317370e+00 7.84694302e+00 7.67189913e+00
 7.21799310e+00 7.02320044e+00 6.81383442e+00 6.21063172e+00
 5.96265264e+00 5.76099789e+00 5.30107909e+00 5.23673465e+00
 4.74420873e+00 4.58545915e+00 4.29114544e+00 3.97796196e+00
 3.77546001e+00 3.45282328e+00 3.15765151e+00 2.99033594e+00
 2.78611788e+00 2.62222859e+00 2.35965361e+00 2.09967060e+00
 1.96066503e+00 1.76931118e+00 1.67664747e+00 1.47414552e+00
 1.33342383e+00 1.22101809e+00 1.11976290e+00 9.99638844e-01
 9.03536226e-01 8.15153065e-01 7.13047107e-01 6.72718330e-01
 5.72325416e-01 5.51731997e-01 4.83085448e-01 3.58668701e-01
 3.86984651e-01 3.08900109e-01 2.61708024e-01 2.57417728e-01
 2.29101778e-01 1.81050469e-01 1.67320892e-01 1.37289455e-01
 1.30424982e-01 1.28708379e-01 8.40897912e-02 9.78187367e-02
 6.69286093e-02 6.43544320e-02 6.34963729e-02 6.34963729e-02
 5.40573152e-02 3.94707183e-02 3.00320683e-02 2.40256546e-02
 2.74578910e-02 1.63031228e-02 1.88773001e-02 2.31674208e-02
 1.20128273e-02 1.20128273e-02 5.14835456e-03 9.43865003e-03
 1.02967091e-02 3.43223638e-03 7.72253184e-03 5.14835456e-03
 2.57415787e-03 6.00641366e-03 2.57417728e-03 6.00641366e-03
 8.58059094e-04 3.43223638e-03 1.71611819e-03 1.71610525e-03
 2.57417728e-03 1.71611819e-03 2.57417728e-03 8.58059094e-04
 8.58059094e-04 0.00000000e+00 8.58059094e-04 0.00000000e+00
 8.58052623e-04 0.00000000e+00 8.58059094e-04 0.00000000e+00
 0.00000000e+00 1.71611819e-03 0.00000000e+00 0.00000000e+00
 0.00000000e+00 0.00000000e+00 0.00000000e+00 0.00000000e+00
 0.00000000e+00 0.00000000e+00 0.00000000e+00 8.58059094e-04
 0.00000000e+00 0.00000000e+00 0.00000000e+00 8.58059094e-04
 8.58059094e-04 0.00000000e+00 0.00000000e+00 0.00000000e+00
 0.00000000e+00 8.58059094e-04 0.00000000e+00 8.58052623e-04]
[-0.19240496 -0.16835433 -0.14430371 -0.1202531  -0.09620248 -0.07215185
 -0.04810124 -0.02405062 -0.          0.02405062  0.04810124  0.07215185
  0.09620248  0.1202531   0.14430371  0.16835433]
