[-7.0118152e-02  9.7592482e-03  9.1226895e-05 ...  1.7694302e-02
 -5.3616829e-02 -9.0753123e-02]
[-0.07577163  0.          0.         ...  0.02525721 -0.05051442
 -0.10102884]
[5.81323396e-04 0.00000000e+00 0.00000000e+00 0.00000000e+00
 0.00000000e+00 0.00000000e+00 0.00000000e+00 0.00000000e+00
 5.81323396e-04 0.00000000e+00 0.00000000e+00 0.00000000e+00
 5.81323396e-04 0.00000000e+00 0.00000000e+00 0.00000000e+00
 0.00000000e+00 0.00000000e+00 0.00000000e+00 0.00000000e+00
 0.00000000e+00 0.00000000e+00 0.00000000e+00 5.81323396e-04
 5.81323396e-04 0.00000000e+00 0.00000000e+00 0.00000000e+00
 0.00000000e+00 0.00000000e+00 5.81323396e-04 0.00000000e+00
 0.00000000e+00 0.00000000e+00 5.81323396e-04 0.00000000e+00
 0.00000000e+00 5.81323396e-04 0.00000000e+00 0.00000000e+00
 0.00000000e+00 0.00000000e+00 0.00000000e+00 0.00000000e+00
 0.00000000e+00 0.00000000e+00 1.74397019e-03 0.00000000e+00
 1.16264679e-03 5.81323396e-04 0.00000000e+00 5.81323396e-04
 0.00000000e+00 0.00000000e+00 0.00000000e+00 5.81323396e-04
 5.81323396e-04 5.81323396e-04 1.74397019e-03 5.81323396e-04
 0.00000000e+00 5.81323396e-04 1.74397019e-03 5.81323396e-04
 1.16264085e-03 1.74397019e-03 2.32529359e-03 1.74397019e-03
 3.48794038e-03 4.65058717e-03 3.48794038e-03 6.39455736e-03
 5.23191057e-03 8.13852755e-03 9.88249774e-03 1.45330849e-02
 1.56957317e-02 1.86023487e-02 2.09276423e-02 2.55782294e-02
 3.08101400e-02 4.47619015e-02 4.65058717e-02 6.10389566e-02
 7.38280713e-02 9.70810072e-02 1.14520417e-01 1.42424232e-01
 1.75559666e-01 1.92418044e-01 2.17414950e-01 2.93568315e-01
 3.44143451e-01 3.99369173e-01 4.83079742e-01 5.38304090e-01
 6.73753816e-01 7.81298645e-01 9.12677732e-01 1.02777976e+00
 1.19694487e+00 1.36262204e+00 1.58061831e+00 1.89569560e+00
 2.03521321e+00 2.32529359e+00 2.53922060e+00 2.93858977e+00
 3.13623572e+00 3.47515126e+00 3.85475544e+00 4.27504680e+00
 4.63314747e+00 5.12320309e+00 5.44583758e+00 5.81904720e+00
 6.21957902e+00 6.60732172e+00 6.97006307e+00 7.42465768e+00
 7.82926350e+00 8.11992520e+00 8.47220718e+00 8.75356211e+00
 8.92215149e+00 9.24129508e+00 9.40755502e+00 9.48196440e+00
 9.52730762e+00 9.64415361e+00 9.63078240e+00 9.52323836e+00
 9.35872386e+00 9.12735573e+00 9.05934381e+00 8.78554049e+00
 8.43441577e+00 8.15015402e+00 7.85193511e+00 7.52406391e+00
 7.17411203e+00 6.71661052e+00 6.41897294e+00 5.92891732e+00
 5.46966485e+00 5.10460074e+00 4.75813200e+00 4.32853401e+00
 4.01926996e+00 3.64896696e+00 3.26122009e+00 2.98451432e+00
 2.69385262e+00 2.36249828e+00 2.05672218e+00 1.87941854e+00
 1.59457008e+00 1.47249216e+00 1.23880016e+00 1.12602342e+00
 9.33021668e-01 8.15596725e-01 7.06889250e-01 6.13296183e-01
 5.07495325e-01 4.09251671e-01 3.85998735e-01 3.06357430e-01
 2.51131707e-01 2.22646861e-01 1.69165108e-01 1.46493496e-01
 1.09288519e-01 1.07544828e-01 7.84786585e-02 6.91774842e-02
 5.75510162e-02 4.53432249e-02 3.83673442e-02 2.79035230e-02
 2.09276423e-02 1.86023487e-02 1.16264679e-02 1.10451445e-02
 1.04638211e-02 8.71985095e-03 4.06926377e-03 6.97588076e-03
 1.74397019e-03 2.32529359e-03 3.48794038e-03 4.06924298e-03
 5.81323396e-04 1.74397019e-03 2.90661698e-03 5.81323396e-04
 1.74397019e-03 0.00000000e+00 5.81323396e-04 1.16264679e-03
 0.00000000e+00 5.81323396e-04 0.00000000e+00 5.81323396e-04
 5.81323396e-04 5.81323396e-04 2.32529359e-03 5.81323396e-04
 0.00000000e+00 5.81323396e-04 0.00000000e+00 0.00000000e+00
 0.00000000e+00 0.00000000e+00 0.00000000e+00 5.81323396e-04
 5.81323396e-04 0.00000000e+00 0.00000000e+00 1.16264679e-03
 5.81323396e-04 5.81323396e-04 0.00000000e+00 0.00000000e+00
 0.00000000e+00 0.00000000e+00 0.00000000e+00 0.00000000e+00
 0.00000000e+00 5.81323396e-04 0.00000000e+00 0.00000000e+00
 0.00000000e+00 0.00000000e+00 0.00000000e+00 0.00000000e+00
 5.81323396e-04 0.00000000e+00 1.16264679e-03 0.00000000e+00
 0.00000000e+00 5.81323396e-04 0.00000000e+00 0.00000000e+00
 0.00000000e+00 0.00000000e+00 0.00000000e+00 5.81323396e-04
 0.00000000e+00 0.00000000e+00 0.00000000e+00 0.00000000e+00
 0.00000000e+00 0.00000000e+00 0.00000000e+00 5.81323396e-04]
[-0.20205769 -0.17680047 -0.15154326 -0.12628606 -0.10102884 -0.07577163
 -0.05051442 -0.02525721  0.          0.02525721  0.05051442  0.07577163
  0.10102884  0.12628606  0.15154326  0.17680047]
