[ 0.06848579  0.01162474  0.01124166 ... -0.03546431  0.04372167
  0.01311565]
[ 0.0770285   0.          0.         ... -0.02567616  0.05135233
  0.02567616]
[1.01998026e-03 0.00000000e+00 0.00000000e+00 0.00000000e+00
 1.01998026e-03 0.00000000e+00 0.00000000e+00 0.00000000e+00
 0.00000000e+00 0.00000000e+00 0.00000000e+00 0.00000000e+00
 0.00000000e+00 1.01998026e-03 0.00000000e+00 0.00000000e+00
 0.00000000e+00 1.01998940e-03 1.01998026e-03 2.03996052e-03
 0.00000000e+00 3.05994077e-03 2.03997880e-03 4.07992103e-03
 4.07992103e-03 4.07992103e-03 4.07992103e-03 2.03997880e-03
 3.05994077e-03 1.01998026e-03 6.11988155e-03 7.13986180e-03
 5.09994701e-03 0.00000000e+00 1.01998026e-02 4.07992103e-03
 8.15984206e-03 7.13992581e-03 1.63196841e-02 1.42797236e-02
 2.14195854e-02 1.32597434e-02 2.75397138e-02 2.03996052e-02
 2.85594472e-02 2.34595459e-02 4.58991116e-02 3.16196715e-02
 3.67192893e-02 3.97792301e-02 5.71188944e-02 7.44585588e-02
 6.01793747e-02 8.66983219e-02 6.62987168e-02 8.36383811e-02
 9.79181047e-02 1.24438707e-01 1.29537493e-01 1.40757276e-01
 1.76456585e-01 1.33618013e-01 1.63196841e-01 2.07056920e-01
 2.41735321e-01 2.47855203e-01 2.82535798e-01 2.99874196e-01
 3.25373702e-01 3.79434357e-01 4.02892202e-01 4.78372885e-01
 4.95710405e-01 5.11010109e-01 5.56911717e-01 6.38507641e-01
 7.11949411e-01 7.29285884e-01 7.96604581e-01 8.82286878e-01
 9.99580653e-01 1.06384418e+00 1.18419708e+00 1.23519609e+00
 1.31476045e+00 1.38513319e+00 1.60647611e+00 1.69826713e+00
 1.78292549e+00 1.88697193e+00 2.06444004e+00 2.09096890e+00
 2.39389367e+00 2.45509248e+00 2.67644019e+00 2.87736431e+00
 3.04465472e+00 3.09360012e+00 3.26700409e+00 3.56789894e+00
 3.84940549e+00 3.90449318e+00 4.18804832e+00 4.36654527e+00
 4.47160347e+00 4.81226686e+00 4.95711516e+00 5.18967118e+00
 5.38550783e+00 5.70170242e+00 5.80470765e+00 6.22393348e+00
 6.25249299e+00 6.52176838e+00 6.58806725e+00 6.81142816e+00
 7.09295861e+00 7.35713409e+00 7.47137213e+00 7.77531822e+00
 7.71004805e+00 8.11905195e+00 8.42505581e+00 8.31795764e+00
 8.49950501e+00 8.69433120e+00 8.86058339e+00 9.01766062e+00
 9.10435908e+00 8.99420103e+00 9.27877860e+00 9.37363695e+00
 9.28999580e+00 9.53275151e+00 9.20737855e+00 9.37567560e+00
 9.40117516e+00 9.37567560e+00 9.32773514e+00 9.23593676e+00
 9.13495854e+00 9.10232422e+00 9.03398033e+00 8.92892219e+00
 8.67800662e+00 8.51583426e+00 8.45666579e+00 8.25369874e+00
 8.09253243e+00 8.09866140e+00 7.74268749e+00 7.68759982e+00
 7.51523138e+00 7.17964908e+00 7.04094739e+00 6.77980877e+00
 6.61050687e+00 6.45342955e+00 6.20761376e+00 5.95363811e+00
 5.84346690e+00 5.55380495e+00 5.26514989e+00 5.08869291e+00
 4.69700909e+00 4.60420120e+00 4.31146621e+00 4.26148707e+00
 4.05341063e+00 3.73414772e+00 3.60563829e+00 3.37206229e+00
 3.12828646e+00 3.07626046e+00 2.93857629e+00 2.66112849e+00
 2.46428335e+00 2.36431424e+00 2.21335716e+00 2.09606883e+00
 2.03894054e+00 1.86963219e+00 1.73396644e+00 1.56770966e+00
 1.47999799e+00 1.38003329e+00 1.33720011e+00 1.19031696e+00
 1.10055870e+00 9.86325330e-01 9.12882331e-01 8.59843357e-01
 8.08847970e-01 7.13986180e-01 6.64010124e-01 5.87508628e-01
 5.39569556e-01 4.92652673e-01 4.97750366e-01 4.07993932e-01
 4.00852241e-01 3.61073011e-01 2.98855555e-01 3.31493584e-01
 2.68256010e-01 2.66214847e-01 2.21335716e-01 2.16236784e-01
 1.86656387e-01 1.70337467e-01 1.45857177e-01 1.32597434e-01
 1.33617414e-01 1.08118877e-01 9.79181047e-02 9.17982232e-02
 7.95584601e-02 7.75184996e-02 5.50794277e-02 4.89590524e-02
 5.30389734e-02 5.60989142e-02 3.05994077e-02 3.16196715e-02
 2.34595459e-02 3.16193880e-02 2.14195854e-02 2.03996052e-02
 9.17990462e-03 1.52997039e-02 1.63196841e-02 1.42797236e-02
 1.12197828e-02 6.11993641e-03 1.73396644e-02 9.17982232e-03
 6.11988155e-03 1.01998026e-03 3.05996821e-03 2.03996052e-03
 6.11988155e-03 2.03996052e-03 3.05994077e-03 6.11993641e-03
 3.05994077e-03 1.01998026e-03 1.01998026e-03 1.01998026e-03
 1.01998940e-03 1.01998026e-03 2.03996052e-03 1.01998026e-03
 0.00000000e+00 0.00000000e+00 0.00000000e+00 1.01998026e-03]
[-0.20540932 -0.17973316 -0.154057   -0.12838082 -0.10270466 -0.0770285
 -0.05135233 -0.02567616  0.          0.02567616  0.05135233  0.0770285
  0.10270466  0.12838082  0.154057    0.17973316]
