[-0.00490132 -0.03162511  0.05856486 ...  0.00434573 -0.03216952
 -0.02175696]
[-0.         -0.02613398  0.05226795 ...  0.         -0.02613398
 -0.02613398]
[8.85319943e-04 8.85306166e-04 0.00000000e+00 0.00000000e+00
 8.85319943e-04 0.00000000e+00 0.00000000e+00 0.00000000e+00
 0.00000000e+00 0.00000000e+00 0.00000000e+00 0.00000000e+00
 0.00000000e+00 0.00000000e+00 1.77062611e-03 0.00000000e+00
 8.85313054e-04 0.00000000e+00 0.00000000e+00 0.00000000e+00
 0.00000000e+00 8.85313054e-04 1.77062611e-03 0.00000000e+00
 8.85313054e-04 0.00000000e+00 0.00000000e+00 0.00000000e+00
 1.77062611e-03 8.85313054e-04 8.85313054e-04 3.54125222e-03
 0.00000000e+00 3.54125222e-03 8.85313054e-04 2.65593916e-03
 1.77063989e-03 1.77062611e-03 6.19719138e-03 1.77062611e-03
 1.77062611e-03 1.77062611e-03 7.08250443e-03 6.19723960e-03
 8.85313054e-03 1.23943828e-02 7.96781749e-03 1.23943828e-02
 1.50503219e-02 1.15090697e-02 7.96781749e-03 1.32796958e-02
 2.39036385e-02 2.92153308e-02 1.94768872e-02 2.74447047e-02
 3.98390874e-02 3.09859569e-02 3.62978352e-02 5.13485567e-02
 4.69215919e-02 5.75453485e-02 6.72837921e-02 6.81691052e-02
 7.70222357e-02 9.64991229e-02 1.14205384e-01 1.18631949e-01
 1.45192471e-01 1.51388532e-01 1.61126976e-01 1.99195437e-01
 2.04507316e-01 2.25754829e-01 2.47888620e-01 2.98350499e-01
 3.23139265e-01 3.73603562e-01 4.34688710e-01 4.16982448e-01
 4.97545936e-01 5.71026920e-01 6.21492182e-01 6.57787599e-01
 7.35695148e-01 8.22459027e-01 8.78230550e-01 9.73844360e-01
 1.02165126e+00 1.17923699e+00 1.26157601e+00 1.37931774e+00
 1.46696373e+00 1.59268438e+00 1.72547514e+00 1.86092804e+00
 1.97690405e+00 2.14776947e+00 2.27791935e+00 2.54173378e+00
 2.68249855e+00 2.81973305e+00 3.13046696e+00 3.24732828e+00
 3.51292220e+00 3.57932764e+00 3.98391649e+00 4.20877826e+00
 4.38761150e+00 4.57707739e+00 4.92677673e+00 5.11179757e+00
 5.40040963e+00 5.67663835e+00 5.89708172e+00 6.24588360e+00
 6.35920367e+00 6.58762725e+00 6.86030420e+00 7.23566359e+00
 7.45788442e+00 7.51365920e+00 7.89700012e+00 8.02979721e+00
 8.21571313e+00 8.40605562e+00 8.58134778e+00 8.74070428e+00
 9.01072503e+00 9.01869285e+00 9.10368299e+00 9.20283815e+00
 9.36307997e+00 9.26658075e+00 9.27720452e+00 9.39141001e+00
 9.33209398e+00 9.30287862e+00 9.30996113e+00 9.11961864e+00
 9.19221438e+00 8.85756572e+00 8.83100630e+00 8.71857144e+00
 8.69466796e+00 8.46271572e+00 8.11744329e+00 8.22987816e+00
 7.85361974e+00 7.55703958e+00 7.36935303e+00 7.17635460e+00
 6.82841959e+00 6.64782866e+00 6.61064543e+00 6.22463608e+00
 5.98028968e+00 5.64742296e+00 5.53675861e+00 5.20564076e+00
 4.86479523e+00 4.68242985e+00 4.35397807e+00 4.20523701e+00
 3.83340552e+00 3.80950948e+00 3.56516260e+00 3.27565830e+00
 3.08708662e+00 2.90382682e+00 2.72234823e+00 2.53642190e+00
 2.41336339e+00 2.18319049e+00 1.94503278e+00 1.94060621e+00
 1.74583734e+00 1.65553541e+00 1.48644640e+00 1.39082681e+00
 1.29963956e+00 1.16596183e+00 1.02696314e+00 9.50826220e-01
 9.27808081e-01 7.95896436e-01 7.58716239e-01 6.26801642e-01
 6.35654773e-01 5.55978761e-01 4.73642484e-01 4.22294327e-01
 4.24950266e-01 3.43501465e-01 3.08090141e-01 3.09859569e-01
 2.71791108e-01 2.11590643e-01 2.23984203e-01 1.69094793e-01
 1.80603863e-01 1.35452897e-01 1.37223523e-01 1.23944792e-01
 9.56138098e-02 1.01811001e-01 8.76459924e-02 6.99397313e-02
 8.14488010e-02 6.63984791e-02 5.84306616e-02 5.22334702e-02
 4.07247174e-02 3.01006438e-02 4.42656527e-02 2.03622002e-02
 3.27565830e-02 1.85915741e-02 2.21328264e-02 2.47889584e-02
 1.23943828e-02 1.23943828e-02 1.41650089e-02 9.73844360e-03
 1.06237566e-02 6.19719138e-03 5.31187832e-03 4.42656527e-03
 3.54127977e-03 1.77062611e-03 5.31187832e-03 4.42656527e-03
 1.77062611e-03 8.85313054e-04 8.85313054e-04 1.77063989e-03
 1.77062611e-03 3.54125222e-03 2.65593916e-03 8.85313054e-04
 8.85313054e-04 8.85313054e-04 0.00000000e+00 0.00000000e+00
 1.77063989e-03 8.85313054e-04 8.85313054e-04 8.85313054e-04
 8.85313054e-04 8.85313054e-04 8.85313054e-04 8.85319943e-04
 0.00000000e+00 0.00000000e+00 3.54125222e-03 1.77062611e-03]
[-0.2090718  -0.18293783 -0.15680385 -0.13066988 -0.1045359  -0.07840192
 -0.05226795 -0.02613398  0.          0.02613398  0.05226795  0.07840192
  0.1045359   0.13066988  0.15680385  0.18293783]
