[-0.01471361 -0.04836385  0.00321864 ... -0.01646928 -0.11458635
  0.02135726]
[-0.02520312 -0.05040623  0.         ... -0.02520312 -0.12601557
  0.02520312]
[8.20209185e-04 0.00000000e+00 0.00000000e+00 0.00000000e+00
 0.00000000e+00 0.00000000e+00 0.00000000e+00 0.00000000e+00
 0.00000000e+00 0.00000000e+00 8.20209185e-04 0.00000000e+00
 8.20215098e-04 0.00000000e+00 0.00000000e+00 8.20209185e-04
 8.20215098e-04 8.20209185e-04 8.20209185e-04 1.64041837e-03
 0.00000000e+00 8.20209185e-04 2.46062756e-03 4.10104593e-03
 1.64043020e-03 8.20209185e-04 2.46062756e-03 8.20215098e-04
 1.64041837e-03 2.46062756e-03 2.46062756e-03 4.92129059e-03
 2.46062756e-03 4.92125511e-03 4.92125511e-03 9.84258118e-03
 9.84251022e-03 9.02230104e-03 1.23032265e-02 9.84251022e-03
 1.47637653e-02 1.80446021e-02 1.80447322e-02 3.93700409e-02
 3.19881582e-02 3.11679490e-02 4.51118304e-02 6.31561073e-02
 5.74146430e-02 7.05379899e-02 6.64374230e-02 8.85825920e-02
 9.43240563e-02 1.13189684e-01 1.19750541e-01 1.22211169e-01
 1.74705186e-01 1.93569368e-01 2.17356218e-01 2.64927567e-01
 3.05939129e-01 2.98556143e-01 3.45309312e-01 4.10104593e-01
 4.55217739e-01 5.08531528e-01 5.51180573e-01 6.56169713e-01
 6.98818226e-01 7.86583444e-01 8.87466339e-01 1.00558009e+00
 1.11794512e+00 1.20161079e+00 1.28280717e+00 1.43127019e+00
 1.62484025e+00 1.71505741e+00 1.80938798e+00 2.11778012e+00
 2.22851639e+00 2.41059480e+00 2.56480337e+00 2.89205759e+00
 3.05775086e+00 3.36696477e+00 3.45554753e+00 3.82218169e+00
 4.23556787e+00 4.33317294e+00 4.62926899e+00 4.86302902e+00
 5.16814739e+00 5.49049018e+00 5.65371210e+00 6.01871670e+00
 6.45751855e+00 6.60269584e+00 6.82005167e+00 7.27854943e+00
 7.41634482e+00 7.71162066e+00 7.91175206e+00 8.11926536e+00
 8.52444943e+00 8.57449000e+00 8.92717286e+00 8.96080150e+00
 9.09449584e+00 9.28970598e+00 9.24787732e+00 9.45375024e+00
 9.59154458e+00 9.73344214e+00 9.90322467e+00 9.72277830e+00
 9.43652475e+00 9.63747747e+00 9.46277043e+00 9.25034003e+00
 9.28068366e+00 9.04528320e+00 8.92635265e+00 8.73688399e+00
 8.34237018e+00 8.28330749e+00 8.06759209e+00 7.78790025e+00
 7.50574778e+00 7.28265048e+00 7.02346391e+00 6.68471691e+00
 6.46982171e+00 6.02444732e+00 5.79479878e+00 5.66437484e+00
 5.32644805e+00 5.00000421e+00 4.79987280e+00 4.42175569e+00
 4.17897333e+00 3.86647307e+00 3.73523936e+00 3.39239130e+00
 3.13484516e+00 2.96588710e+00 2.71653282e+00 2.52051191e+00
 2.38926936e+00 2.11040584e+00 1.94963723e+00 1.77493907e+00
 1.67322674e+00 1.44193295e+00 1.35745109e+00 1.19586499e+00
 1.09826406e+00 9.99014788e-01 9.71131176e-01 8.14467721e-01
 7.49673898e-01 6.61908813e-01 6.12698470e-01 5.28214715e-01
 4.93767709e-01 4.52755470e-01 3.74836949e-01 3.41208251e-01
 2.76410495e-01 2.72310431e-01 2.29658572e-01 1.97671126e-01
 1.82086439e-01 1.55840307e-01 1.45997235e-01 1.18930332e-01
 1.13189684e-01 9.76048931e-02 6.39763165e-02 6.31565626e-02
 6.72571532e-02 3.69094133e-02 4.26508776e-02 3.93703247e-02
 3.03477399e-02 2.62466939e-02 2.37860664e-02 2.62468831e-02
 1.96850204e-02 1.64041837e-02 1.14829286e-02 1.80447322e-02
 6.56167348e-03 5.74146430e-03 1.31234416e-02 6.56167348e-03
 8.20209185e-03 4.92125511e-03 4.10107549e-03 8.20209185e-04
 8.20209185e-04 1.64041837e-03 8.20215098e-04 1.64041837e-03
 3.28083674e-03 8.20215098e-04 8.20209185e-04 0.00000000e+00
 8.20209185e-04 8.20215098e-04 8.20209185e-04 0.00000000e+00
 0.00000000e+00 0.00000000e+00 8.20209185e-04 0.00000000e+00
 0.00000000e+00 0.00000000e+00 8.20209185e-04 0.00000000e+00
 0.00000000e+00 0.00000000e+00 0.00000000e+00 0.00000000e+00
 0.00000000e+00 0.00000000e+00 0.00000000e+00 0.00000000e+00
 0.00000000e+00 0.00000000e+00 0.00000000e+00 0.00000000e+00
 0.00000000e+00 0.00000000e+00 0.00000000e+00 0.00000000e+00
 0.00000000e+00 0.00000000e+00 0.00000000e+00 8.20209185e-04
 0.00000000e+00 0.00000000e+00 0.00000000e+00 0.00000000e+00
 0.00000000e+00 0.00000000e+00 0.00000000e+00 0.00000000e+00
 0.00000000e+00 0.00000000e+00 0.00000000e+00 0.00000000e+00
 0.00000000e+00 0.00000000e+00 0.00000000e+00 8.20209185e-04]
[-0.20162493 -0.17642182 -0.1512187  -0.12601557 -0.10081246 -0.07560935
 -0.05040623 -0.02520312 -0.          0.02520312  0.05040623  0.07560935
  0.10081246  0.12601557  0.1512187   0.17642182]
