[-0.04030133 -0.01061957 -0.00977107 ...  0.0357294   0.03408475
  0.04077429]
[-0.05183299 -0.         -0.         ...  0.0259165   0.0259165
  0.05183299]
[7.79353228e-04 0.00000000e+00 0.00000000e+00 0.00000000e+00
 0.00000000e+00 0.00000000e+00 0.00000000e+00 0.00000000e+00
 0.00000000e+00 0.00000000e+00 0.00000000e+00 7.79353228e-04
 0.00000000e+00 0.00000000e+00 0.00000000e+00 0.00000000e+00
 0.00000000e+00 0.00000000e+00 0.00000000e+00 1.55869578e-03
 1.55869578e-03 7.79353228e-04 7.79347890e-04 7.79347890e-04
 2.33804367e-03 3.11739156e-03 1.55869578e-03 2.33805968e-03
 1.55869578e-03 3.11739156e-03 2.33804367e-03 7.79347890e-04
 7.79347890e-04 3.89676614e-03 4.67608734e-03 3.11739156e-03
 2.33804367e-03 3.89673945e-03 3.89673945e-03 5.45547260e-03
 3.11739156e-03 4.67608734e-03 1.01315226e-02 8.57282679e-03
 7.79347890e-03 1.09109452e-02 9.35217468e-03 1.09108705e-02
 1.40282620e-02 7.79347890e-03 2.18217409e-02 1.87044775e-02
 1.48076099e-02 2.49391325e-02 2.49391325e-02 2.64978283e-02
 3.42913072e-02 3.89676614e-02 3.97467424e-02 3.89673945e-02
 5.68923960e-02 6.85826143e-02 6.62445706e-02 9.11837031e-02
 8.65082083e-02 1.13784792e-01 1.07550009e-01 1.46517403e-01
 1.30151098e-01 1.93278939e-01 1.90160885e-01 2.08865950e-01
 2.65757630e-01 3.02386981e-01 3.05505419e-01 3.35898940e-01
 3.86556553e-01 4.36436313e-01 4.87092431e-01 5.65806568e-01
 6.02437982e-01 6.31271791e-01 7.41159843e-01 8.54947563e-01
 8.89235942e-01 1.03809139e+00 1.06537221e+00 1.27189576e+00
 1.35528598e+00 1.46050295e+00 1.69196427e+00 1.83458493e+00
 2.04891262e+00 2.20243714e+00 2.29362084e+00 2.54380022e+00
 2.77603718e+00 3.00204807e+00 3.26469390e+00 3.43225398e+00
 3.68709487e+00 4.07365840e+00 4.31135991e+00 4.58412429e+00
 4.77195530e+00 5.28009100e+00 5.49752001e+00 5.79757888e+00
 5.98774009e+00 6.40623965e+00 6.51224212e+00 6.96114727e+00
 7.30950386e+00 7.42641876e+00 7.78569209e+00 7.98754336e+00
 8.20888538e+00 8.41696442e+00 8.68350162e+00 8.99446555e+00
 8.88769475e+00 9.17527056e+00 9.17917123e+00 9.44336849e+00
 9.55325666e+00 9.49870326e+00 9.63976437e+00 9.57507842e+00
 9.30698246e+00 9.29061614e+00 9.35530408e+00 9.06382372e+00
 8.89392954e+00 8.86899038e+00 8.76377452e+00 8.49567862e+00
 8.16212443e+00 8.06158147e+00 7.78880948e+00 7.40615568e+00
 7.26743152e+00 6.99308862e+00 6.70863812e+00 6.38831465e+00
 6.11009792e+00 5.77887450e+00 5.42192327e+00 5.34555633e+00
 4.93483929e+00 4.46254602e+00 4.30434577e+00 4.15860746e+00
 3.74398726e+00 3.60059342e+00 3.30132331e+00 3.08855569e+00
 2.88281772e+00 2.57418608e+00 2.42533063e+00 2.23049366e+00
 1.96006666e+00 1.87822841e+00 1.62883709e+00 1.53765865e+00
 1.38022511e+00 1.28514467e+00 1.18539220e+00 1.09420444e+00
 9.28203337e-01 8.51050810e-01 7.65319628e-01 6.77253316e-01
 6.16466292e-01 5.89966353e-01 4.59815255e-01 4.37995014e-01
 4.30979383e-01 3.67852204e-01 3.25768534e-01 2.96931546e-01
 2.50950021e-01 2.26011662e-01 1.87822841e-01 1.93278277e-01
 1.50414143e-01 1.41842288e-01 1.11446748e-01 1.16122836e-01
 1.00535878e-01 7.79347890e-02 6.93619622e-02 6.70243776e-02
 5.53337002e-02 5.37750044e-02 5.29956565e-02 3.11739156e-02
 3.50706550e-02 2.64978283e-02 3.19534824e-02 2.18217409e-02
 1.87043494e-02 1.87043494e-02 1.87043494e-02 1.63663057e-02
 1.55870646e-02 1.40282620e-02 8.57282679e-03 1.16902183e-02
 7.01413101e-03 5.45543523e-03 3.89676614e-03 7.79347890e-03
 3.11739156e-03 3.89673945e-03 1.55869578e-03 3.89673945e-03
 3.89676614e-03 1.55869578e-03 7.79347890e-04 7.79347890e-04
 7.79347890e-04 3.11739156e-03 3.89676614e-03 3.11739156e-03
 2.33804367e-03 1.55869578e-03 1.55869578e-03 1.55869578e-03
 7.79353228e-04 1.55869578e-03 0.00000000e+00 0.00000000e+00
 7.79347890e-04 1.55869578e-03 0.00000000e+00 0.00000000e+00
 7.79347890e-04 7.79347890e-04 0.00000000e+00 0.00000000e+00
 7.79353228e-04 0.00000000e+00 0.00000000e+00 1.55870646e-03
 7.79353228e-04 0.00000000e+00 0.00000000e+00 7.79342551e-04
 0.00000000e+00 0.00000000e+00 0.00000000e+00 0.00000000e+00
 0.00000000e+00 0.00000000e+00 7.79342551e-04 7.79353228e-04]
[-0.20733197 -0.18141547 -0.15549898 -0.12958248 -0.10366599 -0.07774949
 -0.05183299 -0.0259165  -0.          0.0259165   0.05183299  0.07774949
  0.10366599  0.12958248  0.15549898  0.18141547]
