[-0.07007042  0.00976998  0.00014035 ...  0.01767157 -0.05358718
 -0.09087326]
[-0.07579303  0.          0.         ...  0.02526434 -0.05052869
 -0.10105737]
[5.81323396e-04 0.00000000e+00 0.00000000e+00 0.00000000e+00
 0.00000000e+00 0.00000000e+00 0.00000000e+00 0.00000000e+00
 5.81323396e-04 0.00000000e+00 0.00000000e+00 0.00000000e+00
 5.81323396e-04 0.00000000e+00 0.00000000e+00 0.00000000e+00
 0.00000000e+00 0.00000000e+00 0.00000000e+00 0.00000000e+00
 0.00000000e+00 0.00000000e+00 0.00000000e+00 5.81323396e-04
 5.81323396e-04 0.00000000e+00 0.00000000e+00 0.00000000e+00
 0.00000000e+00 0.00000000e+00 5.81323396e-04 0.00000000e+00
 0.00000000e+00 0.00000000e+00 5.81323396e-04 0.00000000e+00
 0.00000000e+00 5.81323396e-04 0.00000000e+00 0.00000000e+00
 0.00000000e+00 0.00000000e+00 0.00000000e+00 0.00000000e+00
 0.00000000e+00 0.00000000e+00 1.74397019e-03 0.00000000e+00
 1.16264679e-03 5.81323396e-04 0.00000000e+00 5.81323396e-04
 0.00000000e+00 0.00000000e+00 0.00000000e+00 5.81323396e-04
 5.81323396e-04 5.81323396e-04 1.74397019e-03 5.81323396e-04
 0.00000000e+00 5.81323396e-04 1.74397019e-03 5.81323396e-04
 1.16264085e-03 1.74397019e-03 2.32529359e-03 1.74397019e-03
 3.48794038e-03 4.65058717e-03 3.48794038e-03 6.39455736e-03
 5.23191057e-03 8.71985095e-03 8.71985095e-03 1.51144083e-02
 1.56957317e-02 1.86023487e-02 2.09276423e-02 2.55782294e-02
 3.13914634e-02 4.47619015e-02 4.65058717e-02 6.10389566e-02
 7.32467479e-02 9.82436540e-02 1.12776451e-01 1.41842909e-01
 1.77303636e-01 1.90092751e-01 2.19740244e-01 2.92986992e-01
 3.45306097e-01 3.99950497e-01 4.82498419e-01 5.35397480e-01
 6.78404404e-01 7.71997470e-01 9.19653613e-01 1.02836109e+00
 1.19461958e+00 1.36494733e+00 1.58178096e+00 1.89453295e+00
 2.03928247e+00 2.31948035e+00 2.53340736e+00 2.94498433e+00
 3.13507307e+00 3.48270847e+00 3.85010485e+00 4.27272151e+00
 4.62559026e+00 5.13017897e+00 5.44758155e+00 5.81672190e+00
 6.22481093e+00 6.60034584e+00 6.98343350e+00 7.41128725e+00
 7.83275144e+00 8.12225049e+00 8.46523130e+00 8.75065550e+00
 8.94191648e+00 9.22501803e+00 9.40929899e+00 9.49940410e+00
 9.49068425e+00 9.66508124e+00 9.63368902e+00 9.52788894e+00
 9.36453710e+00 9.11747324e+00 9.06283175e+00 8.76635682e+00
 8.43092783e+00 8.16643107e+00 7.85251644e+00 7.51592539e+00
 7.18399453e+00 6.71777317e+00 6.42420485e+00 5.91496556e+00
 5.47605940e+00 5.10343810e+00 4.76161994e+00 4.32039548e+00
 4.01926996e+00 3.65710549e+00 3.25715083e+00 2.98800226e+00
 2.69443394e+00 2.35552240e+00 2.05149027e+00 1.88174383e+00
 1.60328993e+00 1.46609761e+00 1.24461339e+00 1.12195415e+00
 9.31859024e-01 8.21991282e-01 7.10377190e-01 6.04576332e-01
 5.10983265e-01 4.11576965e-01 3.80766825e-01 3.07520077e-01
 2.50550384e-01 2.23228184e-01 1.67421138e-01 1.47074819e-01
 1.12776451e-01 1.05800858e-01 7.84786585e-02 6.97588076e-02
 5.69696928e-02 4.53432249e-02 3.77860208e-02 2.84848464e-02
 2.15089657e-02 1.80210253e-02 1.16264679e-02 1.10451445e-02
 1.04638211e-02 8.71985095e-03 4.06926377e-03 6.97588076e-03
 1.74397019e-03 2.32529359e-03 3.48794038e-03 4.06924298e-03
 5.81323396e-04 1.74397019e-03 2.90661698e-03 5.81323396e-04
 1.74397019e-03 0.00000000e+00 5.81323396e-04 1.16264679e-03
 0.00000000e+00 5.81323396e-04 0.00000000e+00 5.81323396e-04
 5.81323396e-04 5.81323396e-04 2.32529359e-03 5.81323396e-04
 0.00000000e+00 5.81323396e-04 0.00000000e+00 0.00000000e+00
 0.00000000e+00 0.00000000e+00 0.00000000e+00 5.81323396e-04
 5.81323396e-04 0.00000000e+00 0.00000000e+00 1.16264679e-03
 5.81323396e-04 5.81323396e-04 0.00000000e+00 0.00000000e+00
 0.00000000e+00 0.00000000e+00 0.00000000e+00 0.00000000e+00
 0.00000000e+00 5.81323396e-04 0.00000000e+00 0.00000000e+00
 0.00000000e+00 0.00000000e+00 0.00000000e+00 0.00000000e+00
 5.81323396e-04 0.00000000e+00 1.16264679e-03 0.00000000e+00
 0.00000000e+00 5.81323396e-04 0.00000000e+00 0.00000000e+00
 0.00000000e+00 0.00000000e+00 0.00000000e+00 5.81323396e-04
 0.00000000e+00 0.00000000e+00 0.00000000e+00 0.00000000e+00
 0.00000000e+00 0.00000000e+00 0.00000000e+00 5.81323396e-04]
[-0.20211475 -0.17685041 -0.15158606 -0.12632172 -0.10105737 -0.07579303
 -0.05052869 -0.02526434  0.          0.02526434  0.05052869  0.07579303
  0.10105737  0.12632172  0.15158606  0.17685041]
