[ 0.01650567 -0.01513106  0.04090882 ... -0.01504051 -0.01261483
 -0.04310818]
[ 0.02498887 -0.02498887  0.04997774 ... -0.02498887 -0.02498887
 -0.04997774]
[8.26176899e-04 0.00000000e+00 0.00000000e+00 8.26176899e-04
 8.26176899e-04 0.00000000e+00 0.00000000e+00 8.26176899e-04
 0.00000000e+00 0.00000000e+00 0.00000000e+00 0.00000000e+00
 0.00000000e+00 8.26182898e-04 0.00000000e+00 0.00000000e+00
 0.00000000e+00 8.26182898e-04 0.00000000e+00 8.26176899e-04
 0.00000000e+00 8.26182898e-04 0.00000000e+00 8.26176899e-04
 0.00000000e+00 8.26182898e-04 8.26182898e-04 0.00000000e+00
 0.00000000e+00 1.65236580e-03 0.00000000e+00 2.47853070e-03
 2.47853070e-03 8.26182898e-04 8.26182898e-04 0.00000000e+00
 3.30470759e-03 1.65236580e-03 0.00000000e+00 5.78323829e-03
 5.78323829e-03 5.78328028e-03 7.43564608e-03 6.60941519e-03
 6.60941519e-03 6.60946318e-03 5.78328028e-03 1.40450073e-02
 1.40450073e-02 1.56974751e-02 1.65236580e-02 2.47853070e-02
 2.31329532e-02 3.22211330e-02 4.79186081e-02 4.04826680e-02
 6.77465057e-02 4.37876936e-02 5.37018884e-02 7.18773902e-02
 7.84868054e-02 1.18144154e-01 1.40450583e-01 1.54495641e-01
 1.57800361e-01 1.95804636e-01 2.13154414e-01 2.55289589e-01
 2.84205885e-01 3.27167240e-01 3.44517018e-01 3.92435452e-01
 4.61008383e-01 5.43626373e-01 6.12199305e-01 7.09688533e-01
 7.36126289e-01 7.89001803e-01 8.98057549e-01 1.02776779e+00
 1.14178062e+00 1.21035355e+00 1.38054661e+00 1.56065383e+00
 1.69449497e+00 1.83164083e+00 2.02331457e+00 2.14972010e+00
 2.33230585e+00 2.56033150e+00 2.78505244e+00 2.94533134e+00
 3.25019172e+00 3.40468736e+00 3.79051337e+00 4.02514846e+00
 4.17303467e+00 4.42171482e+00 4.87446140e+00 5.04548064e+00
 5.27681101e+00 5.70146748e+00 5.93692875e+00 6.10877417e+00
 6.58300143e+00 6.76641337e+00 7.15141320e+00 7.45296886e+00
 7.77848374e+00 7.85366611e+00 8.11556514e+00 8.54352633e+00
 8.60962072e+00 8.93926650e+00 9.15903035e+00 9.19868699e+00
 9.35318263e+00 9.54485636e+00 9.55394434e+00 9.58286064e+00
 9.63573615e+00 9.83401933e+00 9.80262449e+00 9.70100437e+00
 9.60764604e+00 9.60516750e+00 9.55229198e+00 9.50437355e+00
 9.20694879e+00 9.09541450e+00 8.94835448e+00 8.70710995e+00
 8.40059721e+00 8.30393416e+00 8.09243210e+00 7.70743227e+00
 7.59011473e+00 7.23650973e+00 6.81102708e+00 6.66231470e+00
 6.45246501e+00 6.06581281e+00 5.73368849e+00 5.38421440e+00
 5.22063078e+00 4.86124252e+00 4.55307742e+00 4.34240155e+00
 4.04828150e+00 3.76242326e+00 3.49308861e+00 3.24606082e+00
 3.10891496e+00 2.91393650e+00 2.56776712e+00 2.47027790e+00
 2.22407629e+00 1.95639400e+00 1.89112579e+00 1.70854003e+00
 1.51108303e+00 1.41359381e+00 1.31610458e+00 1.16078276e+00
 1.05420555e+00 9.11276428e-01 8.28658438e-01 7.00600554e-01
 7.03905273e-01 6.36158522e-01 4.80010521e-01 4.85793780e-01
 4.64313103e-01 3.46995557e-01 2.96598583e-01 3.02381843e-01
 2.25547112e-01 2.23068573e-01 1.94152276e-01 1.61931260e-01
 1.54495641e-01 1.26405524e-01 1.09881926e-01 8.84012491e-02
 7.43559209e-02 7.60088266e-02 6.36160831e-02 5.61800291e-02
 4.37873756e-02 4.46138765e-02 3.05687672e-02 3.05685453e-02
 2.64376608e-02 2.23069382e-02 2.47854869e-02 1.65235380e-02
 1.90020687e-02 1.07403777e-02 1.15665606e-02 4.95706139e-03
 8.26176899e-03 4.95709739e-03 7.43564608e-03 4.13088449e-03
 1.65235380e-03 3.30473159e-03 4.13091449e-03 0.00000000e+00
 8.26176899e-04 0.00000000e+00 0.00000000e+00 8.26176899e-04
 8.26176899e-04 1.65236580e-03 8.26182898e-04 0.00000000e+00
 8.26176899e-04 8.26182898e-04 0.00000000e+00 8.26176899e-04
 8.26176899e-04 8.26182898e-04 8.26182898e-04 0.00000000e+00
 0.00000000e+00 8.26182898e-04 0.00000000e+00 0.00000000e+00
 8.26176899e-04 8.26182898e-04 0.00000000e+00 0.00000000e+00
 0.00000000e+00 0.00000000e+00 0.00000000e+00 8.26176899e-04
 0.00000000e+00 8.26182898e-04 0.00000000e+00 0.00000000e+00
 0.00000000e+00 8.26182898e-04 0.00000000e+00 0.00000000e+00
 0.00000000e+00 0.00000000e+00 0.00000000e+00 0.00000000e+00
 0.00000000e+00 0.00000000e+00 0.00000000e+00 0.00000000e+00
 0.00000000e+00 0.00000000e+00 0.00000000e+00 8.26176899e-04]
[-0.19991097 -0.1749221  -0.14993322 -0.12494436 -0.09995548 -0.07496661
 -0.04997774 -0.02498887 -0.          0.02498887  0.04997774  0.07496661
  0.09995548  0.12494436  0.14993322  0.1749221 ]
