[ 0.00860872  0.04300741  0.01824103 ... -0.00277072 -0.04506522
  0.00609274]
[ 0.          0.05174001  0.02587    ... -0.         -0.05174001
  0.        ]
[8.93692486e-04 0.00000000e+00 0.00000000e+00 0.00000000e+00
 0.00000000e+00 0.00000000e+00 0.00000000e+00 0.00000000e+00
 0.00000000e+00 0.00000000e+00 0.00000000e+00 0.00000000e+00
 0.00000000e+00 0.00000000e+00 8.93685466e-04 0.00000000e+00
 0.00000000e+00 0.00000000e+00 8.93692486e-04 0.00000000e+00
 8.93692486e-04 0.00000000e+00 1.78738497e-03 1.78738497e-03
 0.00000000e+00 0.00000000e+00 0.00000000e+00 0.00000000e+00
 1.78738497e-03 0.00000000e+00 0.00000000e+00 0.00000000e+00
 0.00000000e+00 8.93692486e-04 8.93692486e-04 8.93692486e-04
 1.78738497e-03 8.93692486e-04 0.00000000e+00 8.93692486e-04
 8.93692486e-04 8.93692486e-04 3.57474187e-03 1.78738497e-03
 2.68107746e-03 6.25584740e-03 4.46846243e-03 1.07243098e-02
 1.07243098e-02 7.14953989e-03 8.93692486e-03 1.25116948e-02
 1.34053873e-02 1.34053873e-02 1.51927723e-02 1.96612347e-02
 1.96612347e-02 3.66413919e-02 2.77044671e-02 3.66413919e-02
 5.00467792e-02 5.27278567e-02 5.89837041e-02 8.04323237e-02
 7.23890914e-02 9.20503261e-02 9.74124810e-02 1.08136791e-01
 1.39416028e-01 1.55501882e-01 1.82313267e-01 1.63545725e-01
 2.22529429e-01 2.54702359e-01 2.72576208e-01 3.04749138e-01
 3.30666220e-01 3.52114839e-01 4.07522173e-01 4.11992236e-01
 5.06723640e-01 5.63919959e-01 6.32734280e-01 6.95292754e-01
 7.22103529e-01 8.26665550e-01 9.27652800e-01 1.00093558e+00
 1.06170667e+00 1.20559116e+00 1.28602349e+00 1.37539274e+00
 1.55769989e+00 1.67031126e+00 1.79453451e+00 1.98667840e+00
 2.11805119e+00 2.32806893e+00 2.39420217e+00 2.55238574e+00
 2.83211149e+00 3.09128231e+00 3.14490386e+00 3.41211121e+00
 3.62839149e+00 3.90543616e+00 3.92331001e+00 4.30402301e+00
 4.52208398e+00 4.69188555e+00 5.03862834e+00 5.16643626e+00
 5.49442140e+00 5.76163546e+00 5.99310181e+00 6.36130312e+00
 6.55344700e+00 6.73306597e+00 6.93506050e+00 7.27643708e+00
 7.47216288e+00 7.65805091e+00 7.79299083e+00 8.05395668e+00
 8.37121752e+00 8.43824445e+00 8.57139622e+00 8.68847835e+00
 8.91279079e+00 8.94764917e+00 9.19341009e+00 9.15587952e+00
 9.17642994e+00 9.23541588e+00 9.24345911e+00 9.30244280e+00
 9.12549173e+00 9.30244280e+00 9.18179435e+00 9.14783180e+00
 9.12996244e+00 9.05667521e+00 8.93871224e+00 8.71975759e+00
 8.54458547e+00 8.37836706e+00 8.28631673e+00 8.11382611e+00
 7.86985603e+00 7.67681845e+00 7.30325500e+00 7.19243713e+00
 6.95738234e+00 6.78670074e+00 6.56685239e+00 6.31036264e+00
 6.00650720e+00 5.76610392e+00 5.44437462e+00 5.29780906e+00
 5.06722645e+00 4.59894153e+00 4.64094508e+00 4.35317610e+00
 4.05736389e+00 3.76155167e+00 3.57387625e+00 3.40674907e+00
 3.17260833e+00 2.96348428e+00 2.86785919e+00 2.60511360e+00
 2.42905618e+00 2.29947077e+00 2.06889811e+00 1.96344239e+00
 1.78023543e+00 1.70694594e+00 1.54966277e+00 1.36824320e+00
 1.27440549e+00 1.23865779e+00 1.13230838e+00 9.95573429e-01
 9.09778951e-01 8.16834932e-01 7.62319691e-01 7.22997221e-01
 5.80900116e-01 5.33534414e-01 4.78125480e-01 4.62037201e-01
 3.99480541e-01 3.46752685e-01 3.20835602e-01 2.87768980e-01
 2.44871741e-01 2.39509586e-01 2.21635737e-01 1.91250192e-01
 1.58183570e-01 1.49246645e-01 1.43884490e-01 1.19754793e-01
 9.65187885e-02 9.38377110e-02 7.50701688e-02 6.97080139e-02
 5.18341642e-02 4.91530867e-02 4.82593942e-02 4.46846243e-02
 3.21729295e-02 3.75347896e-02 2.14486197e-02 2.32360046e-02
 2.32360046e-02 1.25116948e-02 1.34053873e-02 1.16180023e-02
 1.25116948e-02 8.04323237e-03 1.16180023e-02 5.36215492e-03
 2.68107746e-03 4.46846243e-03 3.57476994e-03 3.57476994e-03
 2.68107746e-03 4.46846243e-03 2.68107746e-03 8.93692486e-04
 4.46846243e-03 8.93692486e-04 8.93692486e-04 0.00000000e+00
 0.00000000e+00 8.93692486e-04 8.93692486e-04 0.00000000e+00
 1.78738497e-03 8.93685466e-04 8.93692486e-04 8.93692486e-04
 8.93692486e-04 0.00000000e+00 0.00000000e+00 0.00000000e+00
 8.93692486e-04 8.93692486e-04 0.00000000e+00 0.00000000e+00
 8.93692486e-04 0.00000000e+00 0.00000000e+00 8.93692486e-04]
[-0.20696002 -0.18109003 -0.15522002 -0.12935    -0.10348001 -0.07761001
 -0.05174001 -0.02587    -0.          0.02587     0.05174001  0.07761001
  0.10348001  0.12935     0.15522002  0.18109003]
