[ 0.01036611  0.00873902  0.03051305 ...  0.03480894  0.01036399
 -0.12363226]
[ 0.          0.          0.02560197 ...  0.02560197  0.
 -0.12800986]
[8.58674287e-04 0.00000000e+00 0.00000000e+00 0.00000000e+00
 0.00000000e+00 0.00000000e+00 0.00000000e+00 0.00000000e+00
 0.00000000e+00 0.00000000e+00 0.00000000e+00 0.00000000e+00
 0.00000000e+00 0.00000000e+00 8.58680768e-04 0.00000000e+00
 0.00000000e+00 0.00000000e+00 0.00000000e+00 0.00000000e+00
 0.00000000e+00 0.00000000e+00 0.00000000e+00 0.00000000e+00
 0.00000000e+00 0.00000000e+00 0.00000000e+00 0.00000000e+00
 0.00000000e+00 8.58674287e-04 1.71734857e-03 0.00000000e+00
 8.58674287e-04 8.58674287e-04 0.00000000e+00 0.00000000e+00
 0.00000000e+00 0.00000000e+00 8.58674287e-04 0.00000000e+00
 0.00000000e+00 8.58674287e-04 8.58674287e-04 8.58680768e-04
 2.57602286e-03 2.57602286e-03 0.00000000e+00 8.58674287e-04
 3.43469715e-03 3.43472307e-03 5.15204572e-03 5.15204572e-03
 6.86939430e-03 1.03040914e-02 6.01072001e-03 7.72812691e-03
 9.44541716e-03 1.20214400e-02 2.14668572e-02 1.28801143e-02
 1.37387886e-02 2.40430615e-02 2.49015543e-02 3.26296229e-02
 2.83362515e-02 4.98031087e-02 4.46513999e-02 4.72270858e-02
 5.32378058e-02 6.44005716e-02 8.50087545e-02 8.75847773e-02
 8.32920345e-02 1.25366446e-01 1.32235840e-01 1.30518492e-01
 1.51985349e-01 1.82898313e-01 1.98353760e-01 2.06941284e-01
 2.67047703e-01 2.82503841e-01 3.22004073e-01 3.84686081e-01
 4.11304984e-01 4.49088347e-01 5.23791315e-01 5.70159727e-01
 6.18247820e-01 7.40177236e-01 8.32914059e-01 8.68122980e-01
 9.68584596e-01 1.06475612e+00 1.15148656e+00 1.29831552e+00
 1.40564981e+00 1.56107575e+00 1.60228622e+00 1.80579203e+00
 2.06941284e+00 2.17931534e+00 2.32614864e+00 2.47556731e+00
 2.68249847e+00 2.86453742e+00 3.08179365e+00 3.25952759e+00
 3.55320091e+00 3.71720800e+00 3.96278184e+00 4.32515055e+00
 4.48829897e+00 4.73558870e+00 5.05416639e+00 5.16579426e+00
 5.55304662e+00 5.82869206e+00 6.11548981e+00 6.36191780e+00
 6.56371864e+00 6.96472029e+00 7.15104621e+00 7.35283486e+00
 7.66539983e+00 7.84399702e+00 8.02432636e+00 8.31798567e+00
 8.52406769e+00 8.54725998e+00 8.91819956e+00 9.15433953e+00
 9.15691556e+00 9.33551566e+00 9.32263993e+00 9.43169172e+00
 9.46260292e+00 9.61630582e+00 9.70045601e+00 9.44628809e+00
 9.50382046e+00 9.38875573e+00 9.18610836e+00 9.19469728e+00
 9.06074390e+00 8.91219304e+00 8.69494404e+00 8.52407573e+00
 8.32399639e+00 8.27934529e+00 8.02776106e+00 7.87834402e+00
 7.47047335e+00 7.35198312e+00 7.09523902e+00 6.93379487e+00
 6.52336087e+00 6.35677774e+00 6.08971805e+00 5.68872789e+00
 5.42854909e+00 5.14517633e+00 4.88586591e+00 4.68837045e+00
 4.38267356e+00 4.16887153e+00 3.92414890e+00 3.75756577e+00
 3.45015329e+00 3.16679675e+00 2.92980220e+00 2.85079863e+00
 2.65587957e+00 2.40773179e+00 2.24199856e+00 2.04106878e+00
 1.90969882e+00 1.80321600e+00 1.68558399e+00 1.48121315e+00
 1.34296659e+00 1.25109316e+00 1.10339646e+00 1.00636626e+00
 9.66012219e-01 8.48370196e-01 7.68513487e-01 6.66333761e-01
 6.28549578e-01 5.79605144e-01 5.38390810e-01 4.55956047e-01
 4.05294264e-01 3.69231337e-01 3.28872252e-01 2.87655886e-01
 2.63614001e-01 2.12092549e-01 1.96636412e-01 1.79463603e-01
 1.61430766e-01 1.34812372e-01 1.23649097e-01 1.24507772e-01
 1.02182240e-01 9.01608002e-02 5.58142499e-02 6.78352687e-02
 6.86939430e-02 4.80857601e-02 3.86403429e-02 3.00536001e-02
 3.34885499e-02 2.91949258e-02 2.40428800e-02 2.23255315e-02
 1.80321600e-02 1.11627657e-02 1.63149346e-02 8.58674287e-03
 3.43469715e-03 1.03040914e-02 6.86939430e-03 6.01072001e-03
 5.15208461e-03 4.29337144e-03 3.43469715e-03 2.57602286e-03
 0.00000000e+00 4.29340384e-03 0.00000000e+00 8.58674287e-04
 8.58674287e-04 0.00000000e+00 0.00000000e+00 1.71736154e-03
 8.58674287e-04 0.00000000e+00 8.58674287e-04 0.00000000e+00
 0.00000000e+00 0.00000000e+00 8.58674287e-04 0.00000000e+00
 1.71734857e-03 0.00000000e+00 0.00000000e+00 0.00000000e+00
 0.00000000e+00 0.00000000e+00 0.00000000e+00 0.00000000e+00
 0.00000000e+00 0.00000000e+00 0.00000000e+00 8.58674287e-04]
[-0.20481578 -0.1792138  -0.15361184 -0.12800986 -0.10240789 -0.07680592
 -0.05120394 -0.02560197 -0.          0.02560197  0.05120394  0.07680592
  0.10240789  0.12800986  0.15361184  0.1792138 ]
