[ 0.02807823 -0.03040589 -0.00277176 ... -0.02030924 -0.00310133
  0.01527569]
[ 0.02035916 -0.02035916 -0.         ... -0.02035916 -0.
  0.02035916]
[4.38673151e-04 0.00000000e+00 0.00000000e+00 0.00000000e+00
 0.00000000e+00 0.00000000e+00 0.00000000e+00 0.00000000e+00
 0.00000000e+00 0.00000000e+00 0.00000000e+00 0.00000000e+00
 0.00000000e+00 0.00000000e+00 0.00000000e+00 0.00000000e+00
 0.00000000e+00 0.00000000e+00 0.00000000e+00 0.00000000e+00
 0.00000000e+00 0.00000000e+00 0.00000000e+00 0.00000000e+00
 0.00000000e+00 0.00000000e+00 0.00000000e+00 0.00000000e+00
 0.00000000e+00 0.00000000e+00 0.00000000e+00 0.00000000e+00
 0.00000000e+00 0.00000000e+00 4.38673151e-04 0.00000000e+00
 0.00000000e+00 0.00000000e+00 0.00000000e+00 0.00000000e+00
 4.38669768e-04 0.00000000e+00 0.00000000e+00 0.00000000e+00
 0.00000000e+00 0.00000000e+00 0.00000000e+00 0.00000000e+00
 0.00000000e+00 0.00000000e+00 0.00000000e+00 0.00000000e+00
 0.00000000e+00 0.00000000e+00 1.31601945e-03 4.38669768e-04
 4.38673151e-04 4.38673151e-04 4.38673151e-04 0.00000000e+00
 4.38673151e-04 0.00000000e+00 0.00000000e+00 0.00000000e+00
 4.38673151e-04 0.00000000e+00 0.00000000e+00 0.00000000e+00
 4.38669768e-04 0.00000000e+00 0.00000000e+00 0.00000000e+00
 0.00000000e+00 8.77346302e-04 0.00000000e+00 0.00000000e+00
 4.38673151e-04 0.00000000e+00 4.38669768e-04 0.00000000e+00
 4.38673151e-04 4.38669768e-04 4.38673151e-04 1.31601945e-03
 0.00000000e+00 1.75468584e-03 2.19336575e-03 0.00000000e+00
 0.00000000e+00 4.38673151e-04 0.00000000e+00 8.77342919e-04
 0.00000000e+00 8.77342919e-04 4.38673151e-04 8.77342919e-04
 4.38671459e-04 4.38673151e-04 2.19335730e-03 1.75469260e-03
 2.19335730e-03 2.19335730e-03 5.26407781e-03 3.07070022e-03
 2.63202876e-03 5.26407781e-03 2.63202876e-03 3.94804314e-03
 6.58009726e-03 6.14140043e-03 7.01877041e-03 1.22828009e-02
 1.49148296e-02 1.79855992e-02 2.67589590e-02 2.85136998e-02
 4.73766090e-02 6.00979900e-02 7.41356196e-02 1.08352059e-01
 1.25021607e-01 1.76346267e-01 2.40830631e-01 3.11018664e-01
 3.94366402e-01 5.26405751e-01 6.80819418e-01 8.61991080e-01
 1.13133587e+00 1.36734158e+00 1.71432806e+00 2.18151737e+00
 2.64782603e+00 3.22379966e+00 3.78661569e+00 4.57096542e+00
 5.25003015e+00 6.02822901e+00 6.89592199e+00 7.75835839e+00
 8.72781998e+00 9.46171839e+00 1.02478188e+01 1.09097750e+01
 1.13756447e+01 1.18450239e+01 1.20836615e+01 1.20959443e+01
 1.20428650e+01 1.17700109e+01 1.12734341e+01 1.07000897e+01
 9.99295030e+00 9.16429871e+00 8.48304095e+00 7.61710224e+00
 6.64237604e+00 5.83828408e+00 5.07674969e+00 4.30030461e+00
 3.67782861e+00 3.06543911e+00 2.44998246e+00 2.06395320e+00
 1.68362431e+00 1.30329291e+00 1.04974283e+00 8.18562521e-01
 6.29056086e-01 4.85171569e-01 3.82521513e-01 2.76802225e-01
 2.15388102e-01 1.60115083e-01 1.32040364e-01 8.42250826e-02
 6.44848289e-02 3.90418352e-02 3.11456736e-02 3.11457937e-02
 1.75468584e-02 1.40374867e-02 9.65080932e-03 1.05281150e-02
 3.94804314e-03 1.00894825e-02 4.38671459e-03 2.63202876e-03
 4.38673151e-03 2.63202876e-03 4.38673151e-03 1.31601438e-03
 8.77342919e-04 8.77346302e-04 1.75468584e-03 1.75469260e-03
 1.75468584e-03 2.63202876e-03 4.38673151e-04 4.38671459e-04
 1.75468584e-03 4.38673151e-04 4.38671459e-04 4.38671459e-04
 4.38673151e-04 4.38671459e-04 8.77346302e-04 1.31601438e-03
 1.31601438e-03 1.75469260e-03 0.00000000e+00 0.00000000e+00
 0.00000000e+00 8.77346302e-04 0.00000000e+00 8.77339536e-04
 0.00000000e+00 0.00000000e+00 0.00000000e+00 0.00000000e+00
 0.00000000e+00 1.31601945e-03 4.38669768e-04 4.38673151e-04
 0.00000000e+00 4.38669768e-04 0.00000000e+00 0.00000000e+00
 4.38669768e-04 8.77346302e-04 4.38673151e-04 4.38673151e-04
 0.00000000e+00 0.00000000e+00 8.77346302e-04 0.00000000e+00
 0.00000000e+00 0.00000000e+00 0.00000000e+00 0.00000000e+00
 0.00000000e+00 0.00000000e+00 4.38673151e-04 0.00000000e+00
 0.00000000e+00 0.00000000e+00 0.00000000e+00 0.00000000e+00
 4.38673151e-04 0.00000000e+00 0.00000000e+00 0.00000000e+00
 0.00000000e+00 0.00000000e+00 0.00000000e+00 4.38673151e-04]
[-0.16287328 -0.14251412 -0.12215497 -0.1017958  -0.08143664 -0.06107748
 -0.04071832 -0.02035916  0.          0.02035916  0.04071832  0.06107748
  0.08143664  0.1017958   0.12215497  0.14251412]
