[ 0.06800054  0.05659527  0.02955421 ... -0.00355854 -0.00421865
 -0.01031198]
[ 0.07337842  0.04891895  0.02445947 ... -0.         -0.
 -0.        ]
[9.10069331e-04 0.00000000e+00 0.00000000e+00 0.00000000e+00
 0.00000000e+00 9.10069331e-04 0.00000000e+00 0.00000000e+00
 0.00000000e+00 0.00000000e+00 9.10069331e-04 1.82013866e-03
 9.10069331e-04 1.82013866e-03 1.82013866e-03 1.82013866e-03
 9.10069331e-04 9.10069331e-04 0.00000000e+00 1.82013866e-03
 2.73020799e-03 2.73020799e-03 9.10069331e-04 2.73020799e-03
 1.82013866e-03 1.82013866e-03 2.73020799e-03 6.37048531e-03
 2.73020799e-03 6.37048531e-03 4.55034665e-03 1.18309013e-02
 5.46045966e-03 1.18309013e-02 1.72913173e-02 2.09315946e-02
 1.36510400e-02 1.72913173e-02 2.18416639e-02 2.09315946e-02
 2.54819413e-02 3.27624959e-02 3.91329812e-02 5.18739518e-02
 6.00645758e-02 7.37156158e-02 8.28163091e-02 7.00753385e-02
 1.00107626e-01 1.10118389e-01 1.09208320e-01 1.34690261e-01
 1.50161440e-01 1.82013866e-01 1.92024629e-01 2.05675669e-01
 2.52089205e-01 2.76661076e-01 3.30355167e-01 3.76768703e-01
 3.78588842e-01 4.44113833e-01 4.88707231e-01 5.06908617e-01
 6.20667283e-01 6.63440542e-01 6.90742622e-01 7.54447475e-01
 8.18152328e-01 9.77414461e-01 1.05841063e+00 1.18673041e+00
 1.31323004e+00 1.39240608e+00 1.49888419e+00 1.68726854e+00
 1.73277201e+00 1.94754837e+00 2.09406953e+00 2.28973444e+00
 2.44627614e+00 2.56548544e+00 2.90767151e+00 3.08694900e+00
 3.16613120e+00 3.42186068e+00 3.70125197e+00 3.99976271e+00
 4.07438039e+00 4.48664180e+00 4.73145045e+00 4.88070182e+00
 5.19194553e+00 5.51046980e+00 5.77712011e+00 5.96186418e+00
 6.37867594e+00 6.41962906e+00 6.78638700e+00 6.94746927e+00
 7.27783171e+00 7.50625184e+00 7.78655319e+00 8.06139413e+00
 8.28891146e+00 8.49458713e+00 8.73211523e+00 8.84406260e+00
 9.16530365e+00 9.15075169e+00 9.18532975e+00 9.24721447e+00
 9.66129601e+00 9.52023765e+00 9.73410278e+00 9.85059167e+00
 9.67403819e+00 9.65037639e+00 9.70316042e+00 9.69132951e+00
 9.57938977e+00 9.57756963e+00 9.52388031e+00 9.49475333e+00
 9.07430130e+00 8.91322348e+00 8.81493154e+00 8.64656871e+00
 8.51369859e+00 8.30165243e+00 8.06503441e+00 7.88211047e+00
 7.50170899e+00 7.41978783e+00 7.02391509e+00 6.75362450e+00
 6.63077840e+00 6.17846069e+00 6.01737841e+00 5.74253748e+00
 5.51775035e+00 5.11731985e+00 4.91710459e+00 4.67411608e+00
 4.45751958e+00 4.15901684e+00 3.96881235e+00 3.72218356e+00
 3.40729957e+00 3.21800515e+00 3.05055850e+00 2.82667534e+00
 2.65012189e+00 2.41623407e+00 2.29519485e+00 2.13138237e+00
 2.01125322e+00 1.76735464e+00 1.68089805e+00 1.47977273e+00
 1.36692413e+00 1.30321928e+00 1.13212625e+00 1.02564814e+00
 9.72864114e-01 8.68206141e-01 7.67188446e-01 7.58087752e-01
 6.43419017e-01 6.21577353e-01 5.20559657e-01 5.05088478e-01
 4.27732585e-01 3.95880159e-01 3.60387455e-01 3.37637072e-01
 2.91222186e-01 2.67560383e-01 2.25697194e-01 2.02035391e-01
 1.75643381e-01 1.72003103e-01 1.18309013e-01 1.11028458e-01
 9.82874877e-02 1.01017696e-01 8.64565864e-02 5.27840212e-02
 6.27947838e-02 6.09746451e-02 6.00645758e-02 4.36833279e-02
 2.63920106e-02 3.36725652e-02 2.36618026e-02 2.00215253e-02
 2.54819413e-02 1.36510400e-02 1.54711786e-02 1.18309013e-02
 1.09208320e-02 1.18309013e-02 7.28055464e-03 8.19062398e-03
 9.10069331e-03 6.37048531e-03 6.37048531e-03 4.55034665e-03
 1.82013866e-03 2.73020799e-03 3.64027732e-03 2.73020799e-03
 2.73020799e-03 2.73020799e-03 1.82013866e-03 0.00000000e+00
 0.00000000e+00 0.00000000e+00 1.82013866e-03 1.82013866e-03
 1.82013866e-03 0.00000000e+00 9.10069331e-04 0.00000000e+00
 0.00000000e+00 0.00000000e+00 0.00000000e+00 0.00000000e+00
 0.00000000e+00 0.00000000e+00 0.00000000e+00 0.00000000e+00
 9.10069331e-04 0.00000000e+00 0.00000000e+00 0.00000000e+00
 0.00000000e+00 0.00000000e+00 0.00000000e+00 0.00000000e+00
 0.00000000e+00 0.00000000e+00 0.00000000e+00 0.00000000e+00
 0.00000000e+00 0.00000000e+00 0.00000000e+00 0.00000000e+00
 0.00000000e+00 0.00000000e+00 0.00000000e+00 0.00000000e+00
 0.00000000e+00 0.00000000e+00 0.00000000e+00 1.82015322e-03]
[-0.19567579 -0.17121631 -0.14675684 -0.12229737 -0.0978379  -0.07337842
 -0.04891895 -0.02445947  0.          0.02445947  0.04891895  0.07337842
  0.0978379   0.12229737  0.14675684  0.17121631]
