[-0.00025339 -0.01934463 -0.01962145 ...  0.03985219  0.01757946
 -0.00596854]
[-0.         -0.02481281 -0.02481281 ...  0.04962562  0.02481281
 -0.        ]
[1.00057846e-03 0.00000000e+00 0.00000000e+00 0.00000000e+00
 0.00000000e+00 1.00056966e-03 0.00000000e+00 0.00000000e+00
 0.00000000e+00 1.00057846e-03 0.00000000e+00 1.00057846e-03
 1.00057846e-03 1.00057846e-03 1.00057846e-03 0.00000000e+00
 2.00115692e-03 1.00057846e-03 0.00000000e+00 0.00000000e+00
 0.00000000e+00 2.00115692e-03 1.00057846e-03 1.00057846e-03
 1.00057846e-03 3.00170898e-03 2.00115692e-03 2.00115692e-03
 7.00404922e-03 2.00115692e-03 4.00231384e-03 1.00057846e-03
 5.00289230e-03 5.00289230e-03 4.00231384e-03 4.00227864e-03
 5.00289230e-03 1.10063631e-02 1.40080984e-02 1.80104123e-02
 1.90109907e-02 2.00115692e-02 2.30133046e-02 2.80161969e-02
 3.20185107e-02 2.30133046e-02 4.70267740e-02 4.40254522e-02
 4.50260307e-02 4.60266091e-02 7.80451198e-02 8.60497475e-02
 8.80509044e-02 1.11064209e-01 8.50487951e-02 9.20532183e-02
 1.29074621e-01 1.23071151e-01 1.66095294e-01 1.63094289e-01
 2.07119741e-01 2.21127840e-01 2.56148086e-01 2.64152713e-01
 3.12179107e-01 3.35193784e-01 3.93227335e-01 4.15240061e-01
 4.45257414e-01 5.31304826e-01 5.71330300e-01 6.27362694e-01
 7.25419383e-01 7.88455826e-01 8.46485655e-01 9.41544330e-01
 9.59554743e-01 1.11864672e+00 1.16267217e+00 1.26072332e+00
 1.41781968e+00 1.53388678e+00 1.68197239e+00 1.71999437e+00
 1.88408095e+00 1.99415287e+00 2.20527492e+00 2.31033566e+00
 2.48543689e+00 2.68153848e+00 2.77960696e+00 3.01674406e+00
 3.20985570e+00 3.37994660e+00 3.64810906e+00 3.75916501e+00
 4.08236011e+00 4.33050357e+00 4.51860239e+00 4.67270141e+00
 4.87882057e+00 5.28604438e+00 5.54520582e+00 5.66726393e+00
 6.09752513e+00 6.16856620e+00 6.45471745e+00 6.65584791e+00
 6.87996236e+00 7.09610243e+00 7.53834983e+00 7.52834405e+00
 7.83753107e+00 7.89155363e+00 8.22174416e+00 8.40985271e+00
 8.79508466e+00 8.62297568e+00 8.97517891e+00 8.88912926e+00
 9.23633468e+00 9.31137291e+00 9.23033121e+00 9.58352995e+00
 9.63356146e+00 9.64957071e+00 9.83968046e+00 9.72061172e+00
 9.57252623e+00 9.54751179e+00 9.52349793e+00 9.56252045e+00
 9.56351840e+00 9.61555371e+00 9.57152302e+00 9.21332139e+00
 9.29936598e+00 9.21131517e+00 8.88812868e+00 8.64199615e+00
 8.50790929e+00 8.57794970e+00 8.02463042e+00 8.01963635e+00
 7.77448608e+00 7.56736657e+00 7.24318747e+00 6.92098599e+00
 6.90499195e+00 6.58379179e+00 6.34867033e+00 6.20058471e+00
 5.89239359e+00 5.62725326e+00 5.47015041e+00 5.13296750e+00
 4.98888420e+00 4.71571591e+00 4.48359208e+00 4.28847928e+00
 4.09836036e+00 3.80820162e+00 3.65610565e+00 3.41997717e+00
 3.26288636e+00 2.98472554e+00 2.81061253e+00 2.68155027e+00
 2.54647218e+00 2.28231947e+00 2.21728187e+00 2.04417280e+00
 1.92511296e+00 1.71399090e+00 1.67596892e+00 1.46384629e+00
 1.28673824e+00 1.32176414e+00 1.10663978e+00 1.12665135e+00
 9.83568626e-01 8.95513784e-01 8.24476651e-01 7.25419383e-01
 6.99404343e-01 6.36367900e-01 5.59320899e-01 4.96286916e-01
 4.91284024e-01 4.26246424e-01 3.85222707e-01 3.58205513e-01
 3.35193784e-01 2.95170646e-01 2.55147507e-01 2.44141144e-01
 2.02116849e-01 1.72098738e-01 1.40080984e-01 1.46084455e-01
 1.31075778e-01 1.04060160e-01 9.70556838e-02 9.10526398e-02
 6.90399137e-02 6.30364429e-02 5.70329722e-02 6.80393352e-02
 5.40312368e-02 4.50256347e-02 4.20242953e-02 4.00231384e-02
 2.60150399e-02 3.10179322e-02 2.90167753e-02 1.80104123e-02
 1.40080984e-02 1.40080984e-02 1.10063631e-02 1.00057846e-02
 5.00284830e-03 7.00404922e-03 4.00231384e-03 1.00057846e-02
 6.00347076e-03 6.00347076e-03 4.00231384e-03 5.00289230e-03
 1.00057846e-03 1.00057846e-03 1.00056966e-03 5.00289230e-03
 0.00000000e+00 1.00057846e-03 1.00057846e-03 1.00057846e-03
 1.00057846e-03 2.00115692e-03 0.00000000e+00 2.00115692e-03
 3.00170898e-03 0.00000000e+00 0.00000000e+00 0.00000000e+00
 0.00000000e+00 2.00115692e-03 0.00000000e+00 1.00057846e-03
 0.00000000e+00 0.00000000e+00 0.00000000e+00 0.00000000e+00
 0.00000000e+00 0.00000000e+00 0.00000000e+00 1.00057846e-03]
[-0.1985025  -0.17368968 -0.14887688 -0.12406406 -0.09925125 -0.07443844
 -0.04962562 -0.02481281 -0.          0.02481281  0.04962562  0.07443844
  0.09925125  0.12406406  0.14887688  0.17368968]
