[ 0.04479205 -0.03492254 -0.00469418 ...  0.07751467  0.06540445
 -0.00599825]
[ 0.04707855 -0.02353928 -0.         ...  0.07061783  0.07061783
 -0.        ]
[1.03207287e-03 0.00000000e+00 0.00000000e+00 0.00000000e+00
 0.00000000e+00 0.00000000e+00 0.00000000e+00 0.00000000e+00
 0.00000000e+00 1.03208224e-03 1.03207287e-03 2.06416447e-03
 0.00000000e+00 0.00000000e+00 0.00000000e+00 1.03207287e-03
 0.00000000e+00 1.03207287e-03 0.00000000e+00 1.03207287e-03
 0.00000000e+00 0.00000000e+00 0.00000000e+00 0.00000000e+00
 0.00000000e+00 1.03207287e-03 3.09624671e-03 0.00000000e+00
 2.06416447e-03 3.09621862e-03 0.00000000e+00 7.22451012e-03
 4.12829150e-03 4.12832894e-03 3.09621862e-03 4.12832894e-03
 7.22451012e-03 8.25665789e-03 1.03207287e-02 5.16041118e-03
 3.09621862e-03 1.03208224e-02 1.65131660e-02 1.03208224e-02
 1.34169474e-02 8.25665789e-03 1.85773117e-02 2.88983026e-02
 2.37376761e-02 2.78659676e-02 2.99303848e-02 2.68338947e-02
 3.40587138e-02 4.54112065e-02 5.05720296e-02 5.26357166e-02
 6.39890986e-02 5.26357166e-02 8.97911545e-02 7.01809554e-02
 8.25662044e-02 9.90794453e-02 1.34170082e-01 1.23849307e-01
 1.45522935e-01 1.79581495e-01 1.69260719e-01 2.21896674e-01
 2.17768364e-01 2.34281605e-01 2.59051466e-01 2.94142103e-01
 3.32327465e-01 3.75676230e-01 4.15927255e-01 4.56178279e-01
 4.61338667e-01 5.50097337e-01 5.40808639e-01 6.36791851e-01
 6.85299497e-01 7.93667640e-01 8.63848914e-01 8.54560216e-01
 9.99051073e-01 1.07748897e+00 1.19204958e+00 1.25809683e+00
 1.33757251e+00 1.47483883e+00 1.60281644e+00 1.70292797e+00
 1.88457362e+00 2.00635877e+00 2.23238375e+00 2.40680486e+00
 2.50794846e+00 2.74945461e+00 2.95999843e+00 3.16641394e+00
 3.26755013e+00 3.52867316e+00 3.73508867e+00 3.90022108e+00
 4.17165748e+00 4.41729194e+00 4.57519980e+00 4.98492329e+00
 5.26978800e+00 5.46278650e+00 5.64133592e+00 5.91793270e+00
 6.05003863e+00 6.53614716e+00 6.83132134e+00 6.96961973e+00
 7.09552515e+00 7.47532925e+00 7.72716465e+00 7.98311989e+00
 8.39285468e+00 8.44652271e+00 8.63641519e+00 8.88412359e+00
 9.34546226e+00 9.38054226e+00 9.35165473e+00 9.70668940e+00
 9.62205905e+00 1.01855676e+01 1.01473836e+01 1.04301728e+01
 1.05777599e+01 1.05684712e+01 1.08368113e+01 1.06954167e+01
 1.07810791e+01 1.07098658e+01 1.04446219e+01 1.03187085e+01
 1.01546111e+01 1.00513976e+01 9.88523322e+00 9.61070619e+00
 9.57045517e+00 9.53536453e+00 9.24740441e+00 9.05441639e+00
 8.70454210e+00 8.63022273e+00 8.34950742e+00 8.16992593e+00
 7.83966111e+00 7.67452870e+00 7.58783418e+00 7.07693975e+00
 6.73533812e+00 6.62284167e+00 6.40920162e+00 6.10473874e+00
 5.86116843e+00 5.50819791e+00 5.34925797e+00 4.99112706e+00
 4.86417049e+00 4.59584135e+00 4.34607858e+00 4.03748740e+00
 3.78566047e+00 3.58337327e+00 3.29645571e+00 3.19943316e+00
 3.08075150e+00 2.79486602e+00 2.65759970e+00 2.50485223e+00
 2.20451766e+00 2.14156093e+00 2.01048708e+00 1.81748857e+00
 1.68538265e+00 1.56772581e+00 1.47896714e+00 1.29628353e+00
 1.23539683e+00 1.09090598e+00 9.63960436e-01 9.72217057e-01
 8.35982820e-01 7.64769468e-01 7.90571407e-01 6.66722101e-01
 6.12021990e-01 5.53193569e-01 4.85076451e-01 4.77851908e-01
 4.08702712e-01 3.62259222e-01 3.67419610e-01 2.94142103e-01
 2.67306874e-01 2.23960829e-01 2.29121217e-01 2.17768364e-01
 2.09511744e-01 1.83709805e-01 1.47587090e-01 1.27977617e-01
 1.11464376e-01 1.04239833e-01 1.03207755e-01 9.70148502e-02
 8.35986611e-02 7.01809554e-02 5.77966052e-02 6.60526639e-02
 4.85078651e-02 4.23149878e-02 3.71549605e-02 4.95394980e-02
 3.40587138e-02 2.16735304e-02 2.37378914e-02 2.37376761e-02
 2.37376761e-02 1.54812335e-02 8.25658299e-03 1.44491513e-02
 9.28865587e-03 1.03208224e-02 6.19243724e-03 1.44491513e-02
 9.28865587e-03 5.16041118e-03 7.22451012e-03 9.28874012e-03
 4.12829150e-03 5.16041118e-03 0.00000000e+00 1.03208224e-03
 3.09621862e-03 1.03207287e-03 2.06416447e-03 5.16036437e-03
 4.12832894e-03 2.06414575e-03 0.00000000e+00 3.09621862e-03
 1.03208224e-03 0.00000000e+00 1.03208224e-03 0.00000000e+00
 0.00000000e+00 0.00000000e+00 1.03208224e-03 3.09621862e-03]
[-0.18831421 -0.16477494 -0.14123566 -0.11769638 -0.09415711 -0.07061783
 -0.04707855 -0.02353928 -0.          0.02353928  0.04707855  0.07061783
  0.09415711  0.11769638  0.14123566  0.16477494]
