[-7.007096e-02  9.677404e-03  8.067353e-05 ...  1.786856e-02 -5.355091e-02
 -9.083616e-02]
[-0.07547767  0.          0.         ...  0.02515922 -0.05031845
 -0.10063689]
[5.81323396e-04 0.00000000e+00 0.00000000e+00 0.00000000e+00
 0.00000000e+00 0.00000000e+00 0.00000000e+00 0.00000000e+00
 5.81323396e-04 0.00000000e+00 0.00000000e+00 0.00000000e+00
 5.81323396e-04 0.00000000e+00 0.00000000e+00 0.00000000e+00
 0.00000000e+00 0.00000000e+00 0.00000000e+00 0.00000000e+00
 0.00000000e+00 0.00000000e+00 0.00000000e+00 5.81323396e-04
 5.81323396e-04 0.00000000e+00 0.00000000e+00 0.00000000e+00
 0.00000000e+00 0.00000000e+00 5.81323396e-04 0.00000000e+00
 0.00000000e+00 0.00000000e+00 5.81323396e-04 0.00000000e+00
 0.00000000e+00 5.81323396e-04 0.00000000e+00 0.00000000e+00
 0.00000000e+00 0.00000000e+00 0.00000000e+00 0.00000000e+00
 0.00000000e+00 0.00000000e+00 1.74397019e-03 0.00000000e+00
 1.16264679e-03 5.81323396e-04 0.00000000e+00 5.81323396e-04
 0.00000000e+00 0.00000000e+00 0.00000000e+00 5.81323396e-04
 5.81323396e-04 5.81323396e-04 1.74397019e-03 5.81323396e-04
 0.00000000e+00 5.81323396e-04 1.74397019e-03 5.81323396e-04
 1.16264085e-03 1.74397019e-03 2.32529359e-03 1.74397019e-03
 3.48794038e-03 4.65058717e-03 3.48794038e-03 6.39455736e-03
 4.65058717e-03 8.71985095e-03 8.71985095e-03 1.56957317e-02
 1.62770551e-02 1.86023487e-02 1.97649955e-02 2.61595528e-02
 3.25541102e-02 4.24366079e-02 4.65058717e-02 6.33642502e-02
 7.44093947e-02 9.82436540e-02 1.09869841e-01 1.40680262e-01
 1.79628929e-01 1.90674074e-01 2.16252303e-01 2.95893609e-01
 3.40074187e-01 4.02275790e-01 4.79591802e-01 5.44117309e-01
 6.82473667e-01 7.70834824e-01 9.04539205e-01 1.03417432e+00
 1.20217678e+00 1.35622748e+00 1.59747669e+00 1.88058119e+00
 2.03172527e+00 2.33343211e+00 2.52933810e+00 2.92812595e+00
 3.13856101e+00 3.49898552e+00 3.84952353e+00 4.26109505e+00
 4.63547276e+00 5.14587470e+00 5.44816287e+00 5.79405029e+00
 6.21957902e+00 6.61429760e+00 6.95843661e+00 7.42116974e+00
 7.81124248e+00 8.14434078e+00 8.47220718e+00 8.75239947e+00
 8.93029001e+00 9.24187640e+00 9.40871767e+00 9.49707881e+00
 9.48254573e+00 9.65461742e+00 9.64880342e+00 9.50696131e+00
 9.37907018e+00 9.10003354e+00 9.09712983e+00 8.77740196e+00
 8.41872005e+00 8.15073534e+00 7.85658570e+00 7.51476275e+00
 7.20027159e+00 6.68231244e+00 6.43583132e+00 5.92194144e+00
 5.49814966e+00 5.11448324e+00 4.71337010e+00 4.36806400e+00
 3.98613453e+00 3.65710549e+00 3.27226522e+00 2.96823726e+00
 2.68687674e+00 2.38110063e+00 2.05149027e+00 1.87709325e+00
 1.60561522e+00 1.45330849e+00 1.26670368e+00 1.11614092e+00
 9.24301839e-01 8.20247312e-01 7.12702484e-01 6.12133536e-01
 5.02263414e-01 4.11576965e-01 3.85417412e-01 3.08682723e-01
 2.49969060e-01 2.20902891e-01 1.66839815e-01 1.49981436e-01
 1.13357773e-01 1.00568948e-01 8.25479223e-02 6.56895438e-02
 5.98763098e-02 4.47619015e-02 3.89486676e-02 2.67408762e-02
 1.91836721e-02 1.97649955e-02 1.27891147e-02 1.04638211e-02
 9.88249774e-03 9.88249774e-03 3.48794038e-03 6.97588076e-03
 1.74397019e-03 2.32529359e-03 3.48794038e-03 4.06924298e-03
 5.81323396e-04 1.74397019e-03 2.90661698e-03 5.81323396e-04
 1.74397019e-03 0.00000000e+00 5.81323396e-04 1.16264679e-03
 0.00000000e+00 5.81323396e-04 0.00000000e+00 5.81323396e-04
 5.81323396e-04 5.81323396e-04 2.32529359e-03 5.81323396e-04
 0.00000000e+00 5.81323396e-04 0.00000000e+00 0.00000000e+00
 0.00000000e+00 0.00000000e+00 0.00000000e+00 5.81323396e-04
 5.81323396e-04 0.00000000e+00 0.00000000e+00 1.16264679e-03
 5.81323396e-04 5.81323396e-04 0.00000000e+00 0.00000000e+00
 0.00000000e+00 0.00000000e+00 0.00000000e+00 0.00000000e+00
 0.00000000e+00 5.81323396e-04 0.00000000e+00 0.00000000e+00
 0.00000000e+00 0.00000000e+00 0.00000000e+00 0.00000000e+00
 5.81323396e-04 0.00000000e+00 1.16264679e-03 0.00000000e+00
 0.00000000e+00 5.81323396e-04 0.00000000e+00 0.00000000e+00
 0.00000000e+00 0.00000000e+00 0.00000000e+00 5.81323396e-04
 0.00000000e+00 0.00000000e+00 0.00000000e+00 0.00000000e+00
 0.00000000e+00 0.00000000e+00 0.00000000e+00 5.81323396e-04]
[-0.20127378 -0.17611456 -0.15095533 -0.12579611 -0.10063689 -0.07547767
 -0.05031845 -0.02515922  0.          0.02515922  0.05031845  0.07547767
  0.10063689  0.12579611  0.15095533  0.17611456]
