[-0.01026853  0.03082913  0.04442105 ... -0.02064732  0.01649378
  0.071499  ]
[-0.          0.02267442  0.04534884 ... -0.02267442  0.02267442
  0.06802326]
[6.85003900e-04 0.00000000e+00 0.00000000e+00 0.00000000e+00
 0.00000000e+00 0.00000000e+00 0.00000000e+00 0.00000000e+00
 0.00000000e+00 0.00000000e+00 0.00000000e+00 0.00000000e+00
 0.00000000e+00 0.00000000e+00 0.00000000e+00 0.00000000e+00
 0.00000000e+00 0.00000000e+00 0.00000000e+00 0.00000000e+00
 0.00000000e+00 1.37000780e-03 6.85012148e-04 1.37000780e-03
 6.85012148e-04 0.00000000e+00 0.00000000e+00 0.00000000e+00
 0.00000000e+00 0.00000000e+00 0.00000000e+00 2.05501170e-03
 1.37002430e-03 6.85003900e-04 0.00000000e+00 0.00000000e+00
 1.37000780e-03 1.37001605e-03 6.85008024e-04 1.37001605e-03
 6.85003900e-04 2.05502407e-03 6.85008024e-04 0.00000000e+00
 6.85003900e-04 0.00000000e+00 2.05502407e-03 2.74003210e-03
 1.37001605e-03 2.05501170e-03 3.42504012e-03 2.05502407e-03
 3.42504012e-03 3.42501950e-03 2.74003210e-03 2.74003210e-03
 6.16507222e-03 4.11002340e-03 6.16507222e-03 5.48006419e-03
 4.79505617e-03 4.11002340e-03 6.16507222e-03 1.09601284e-02
 7.53508827e-03 1.02751204e-02 1.02750585e-02 8.22009629e-03
 1.50701765e-02 1.57551846e-02 1.84951053e-02 1.71252006e-02
 1.78102086e-02 2.87703370e-02 2.19201248e-02 3.15103691e-02
 3.76754413e-02 4.24704975e-02 3.76752145e-02 4.65805456e-02
 4.45255216e-02 8.08309468e-02 7.60358907e-02 8.63107512e-02
 8.69957572e-02 1.13711332e-01 1.28096115e-01 1.43851685e-01
 1.70566485e-01 1.81527126e-01 2.13721860e-01 2.42492841e-01
 3.09622695e-01 3.22638779e-01 3.93878428e-01 4.52105296e-01
 5.15126034e-01 5.84995092e-01 6.86378040e-01 7.56246582e-01
 8.63795118e-01 1.00627376e+00 1.16314362e+00 1.26794604e+00
 1.44057187e+00 1.59058384e+00 1.84609662e+00 2.12351848e+00
 2.28655678e+00 2.56535119e+00 2.86812428e+00 3.18596752e+00
 3.54902123e+00 3.84357424e+00 4.23676825e+00 4.76285362e+00
 5.03137636e+00 5.60130218e+00 6.08149208e+00 6.37057462e+00
 6.85349497e+00 7.36929969e+00 7.79400957e+00 8.29201589e+00
 8.61807298e+00 8.94824635e+00 9.44419141e+00 9.87232078e+00
 9.94698655e+00 1.03936111e+01 1.06032272e+01 1.08142054e+01
 1.08970923e+01 1.07943412e+01 1.09936783e+01 1.08594169e+01
 1.06998092e+01 1.06059633e+01 1.04059451e+01 1.00819329e+01
 1.00106960e+01 9.60585306e+00 9.24690940e+00 8.97838666e+00
 8.60163281e+00 8.08582255e+00 7.66180322e+00 7.22339874e+00
 6.78088422e+00 6.28082912e+00 5.85338476e+00 5.34922766e+00
 5.02041625e+00 4.57927175e+00 4.17374761e+00 3.75109829e+00
 3.43325505e+00 3.13664702e+00 2.84894408e+00 2.53178585e+00
 2.24956635e+00 1.98720230e+00 1.78239088e+00 1.56249860e+00
 1.39330632e+00 1.22890070e+00 1.07477759e+00 9.53528299e-01
 8.33654765e-01 7.39806439e-01 6.39797495e-01 5.58279859e-01
 5.12386002e-01 4.16483625e-01 3.41133996e-01 3.21953771e-01
 3.09622695e-01 2.60988057e-01 1.93856687e-01 1.79472102e-01
 1.54811347e-01 1.44536693e-01 1.13025984e-01 9.59011234e-02
 8.90510431e-02 8.83655031e-02 7.80909147e-02 6.23357302e-02
 5.27456179e-02 4.45252535e-02 3.42504012e-02 3.28803852e-02
 3.01403531e-02 3.49354092e-02 2.32901326e-02 2.12352487e-02
 2.05502407e-02 2.19202568e-02 2.19201248e-02 1.64401926e-02
 1.02751204e-02 9.59011234e-03 1.09600624e-02 9.59011234e-03
 1.30151525e-02 5.48006419e-03 1.09600624e-02 7.53508827e-03
 6.85008024e-03 4.11004814e-03 6.85008024e-04 4.11002340e-03
 4.11004814e-03 2.74003210e-03 2.05502407e-03 2.05501170e-03
 3.42504012e-03 6.85008024e-04 1.37001605e-03 0.00000000e+00
 1.37001605e-03 2.05502407e-03 4.79505617e-03 2.05502407e-03
 2.74001560e-03 6.85008024e-04 6.85008024e-04 1.37001605e-03
 6.85003900e-04 1.37001605e-03 1.37001605e-03 0.00000000e+00
 6.85003900e-04 1.37001605e-03 6.85008024e-04 6.85003900e-04
 6.85012148e-04 6.85003900e-04 0.00000000e+00 0.00000000e+00
 0.00000000e+00 6.85012148e-04 6.85003900e-04 6.85003900e-04
 0.00000000e+00 0.00000000e+00 0.00000000e+00 6.85003900e-04
 6.85003900e-04 0.00000000e+00 0.00000000e+00 0.00000000e+00
 0.00000000e+00 0.00000000e+00 0.00000000e+00 6.85003900e-04]
[-0.18139537 -0.15872094 -0.13604653 -0.1133721  -0.09069768 -0.06802326
 -0.04534884 -0.02267442 -0.          0.02267442  0.04534884  0.06802326
  0.09069768  0.1133721   0.13604653  0.15872094]
