[-0.00020124 -0.01924536 -0.01977694 ...  0.04012313  0.01766102
 -0.00590894]
[-0.         -0.02493346 -0.02493346 ...  0.04986692  0.02493346
 -0.        ]
[1.00057846e-03 0.00000000e+00 0.00000000e+00 0.00000000e+00
 0.00000000e+00 1.00056966e-03 0.00000000e+00 0.00000000e+00
 0.00000000e+00 1.00057846e-03 0.00000000e+00 1.00057846e-03
 1.00057846e-03 1.00057846e-03 1.00057846e-03 0.00000000e+00
 2.00115692e-03 1.00057846e-03 0.00000000e+00 0.00000000e+00
 0.00000000e+00 2.00115692e-03 1.00057846e-03 1.00057846e-03
 1.00057846e-03 3.00170898e-03 2.00115692e-03 4.00231384e-03
 5.00289230e-03 2.00115692e-03 4.00231384e-03 1.00057846e-03
 5.00289230e-03 5.00289230e-03 3.00173538e-03 5.00284830e-03
 4.00231384e-03 1.20069415e-02 1.50086769e-02 1.70098338e-02
 1.90109907e-02 2.00115692e-02 2.40138830e-02 2.60150399e-02
 3.30190892e-02 2.30133046e-02 4.60262044e-02 4.40254522e-02
 4.40254522e-02 5.40312368e-02 7.50433845e-02 8.30480121e-02
 8.70503260e-02 1.10063631e-01 9.00516654e-02 9.10526398e-02
 1.35078092e-01 1.10063631e-01 1.68096442e-01 1.69097760e-01
 2.04118006e-01 2.17125526e-01 2.66153870e-01 2.68155027e-01
 2.91167051e-01 3.40196676e-01 4.01231962e-01 4.11237747e-01
 4.50260307e-01 5.22299659e-01 5.79334928e-01 6.20358645e-01
 7.33424011e-01 7.72446571e-01 8.52489099e-01 9.45546644e-01
 9.51550115e-01 1.12765192e+00 1.15466754e+00 1.27573193e+00
 1.40681331e+00 1.53688851e+00 1.67296718e+00 1.74100652e+00
 1.86507005e+00 2.03817832e+00 2.16825352e+00 2.30533277e+00
 2.47342995e+00 2.70555226e+00 2.77560465e+00 2.99773306e+00
 3.23687132e+00 3.40596159e+00 3.61108766e+00 3.75916501e+00
 4.08936416e+00 4.34351109e+00 4.49658971e+00 4.67670372e+00
 4.87081594e+00 5.32106455e+00 5.53119772e+00 5.65825875e+00
 6.10152745e+00 6.18157372e+00 6.43170420e+00 6.66285196e+00
 6.87495948e+00 7.08809781e+00 7.54235214e+00 7.49932731e+00
 7.87155074e+00 7.91056460e+00 8.25576379e+00 8.41985848e+00
 8.69202508e+00 8.69101494e+00 8.90914081e+00 8.93215409e+00
 9.24934220e+00 9.30737060e+00 9.26034855e+00 9.57052244e+00
 9.60254356e+00 9.67258399e+00 9.83567815e+00 9.69059439e+00
 9.54551063e+00 9.54551063e+00 9.57652854e+00 9.52349793e+00
 9.56952187e+00 9.63756642e+00 9.52649704e+00 9.26335029e+00
 9.29836540e+00 9.17129208e+00 8.91214254e+00 8.64299673e+00
 8.52992199e+00 8.54393007e+00 8.04264082e+00 8.01063115e+00
 7.74747049e+00 7.59438216e+00 7.24018573e+00 6.93099175e+00
 6.87197286e+00 6.59479813e+00 6.36668074e+00 6.18557604e+00
 5.88939186e+00 5.68328565e+00 5.45414119e+00 5.09694667e+00
 4.99088536e+00 4.72472110e+00 4.50160249e+00 4.28247581e+00
 4.09435805e+00 3.82721261e+00 3.62508779e+00 3.41997717e+00
 3.26788925e+00 2.97471976e+00 2.80661024e+00 2.71857167e+00
 2.54146929e+00 2.28632178e+00 2.19827088e+00 2.06818658e+00
 1.91810891e+00 1.71499148e+00 1.66596313e+00 1.47485265e+00
 1.27473135e+00 1.29875084e+00 1.13065366e+00 1.11564498e+00
 9.87570939e-01 9.06520098e-01 8.26477807e-01 7.14413020e-01
 7.02406079e-01 6.38369057e-01 5.55318603e-01 5.06292700e-01
 4.71272454e-01 4.37252787e-01 3.87223864e-01 3.61207236e-01
 3.37194941e-01 2.96171224e-01 2.50144615e-01 2.53146350e-01
 1.88108750e-01 1.77101609e-01 1.42082141e-01 1.48085612e-01
 1.27073464e-01 1.09063052e-01 9.30533876e-02 8.40485906e-02
 7.60439629e-02 6.10352860e-02 5.70329722e-02 6.90399137e-02
 5.60323937e-02 4.40250651e-02 3.90225599e-02 4.40254522e-02
 2.60150399e-02 2.90167753e-02 2.80161969e-02 1.90109907e-02
 1.40080984e-02 1.50086769e-02 1.10063631e-02 9.00520613e-03
 6.00341796e-03 6.00347076e-03 5.00289230e-03 1.00057846e-02
 5.00289230e-03 6.00347076e-03 4.00231384e-03 5.00289230e-03
 1.00057846e-03 1.00057846e-03 1.00056966e-03 5.00289230e-03
 0.00000000e+00 1.00057846e-03 1.00057846e-03 1.00057846e-03
 1.00057846e-03 2.00115692e-03 0.00000000e+00 2.00115692e-03
 3.00170898e-03 0.00000000e+00 0.00000000e+00 0.00000000e+00
 0.00000000e+00 2.00115692e-03 0.00000000e+00 1.00057846e-03
 0.00000000e+00 0.00000000e+00 0.00000000e+00 0.00000000e+00
 0.00000000e+00 0.00000000e+00 0.00000000e+00 1.00057846e-03]
[-0.19946769 -0.17453423 -0.14960077 -0.1246673  -0.09973384 -0.07480039
 -0.04986692 -0.02493346 -0.          0.02493346  0.04986692  0.07480039
  0.09973384  0.1246673   0.14960077  0.17453423]
