[ 0.06875178  0.01184619  0.01120228 ... -0.03572964  0.04374723
  0.01334541]
[ 0.07721946  0.          0.         ... -0.02573982  0.05147964
  0.02573982]
[1.01998026e-03 0.00000000e+00 0.00000000e+00 0.00000000e+00
 1.01998026e-03 0.00000000e+00 0.00000000e+00 0.00000000e+00
 0.00000000e+00 0.00000000e+00 0.00000000e+00 0.00000000e+00
 0.00000000e+00 1.01998026e-03 0.00000000e+00 0.00000000e+00
 0.00000000e+00 1.01998940e-03 1.01998026e-03 2.03996052e-03
 0.00000000e+00 2.03996052e-03 3.05996821e-03 2.03996052e-03
 6.11988155e-03 4.07992103e-03 5.09990129e-03 1.01998940e-03
 4.07992103e-03 0.00000000e+00 5.09990129e-03 7.13986180e-03
 6.11993641e-03 0.00000000e+00 1.12197828e-02 4.07992103e-03
 7.13986180e-03 7.13992581e-03 1.63196841e-02 1.32597434e-02
 2.24395657e-02 1.32597434e-02 2.65197244e-02 2.03996052e-02
 2.95794275e-02 2.54995064e-02 4.38591511e-02 3.46796397e-02
 3.16193880e-02 4.07992103e-02 5.60989142e-02 7.44585588e-02
 6.32393429e-02 8.46583614e-02 6.73186970e-02 8.15984206e-02
 1.00978046e-01 1.24438707e-01 1.32597434e-01 1.44837197e-01
 1.65236802e-01 1.39737922e-01 1.58096940e-01 2.07056920e-01
 2.42755301e-01 2.56015045e-01 2.79475843e-01 3.02934137e-01
 3.17213860e-01 3.82494311e-01 3.99832261e-01 4.73272961e-01
 4.94690425e-01 5.20189931e-01 5.67111565e-01 6.25247898e-01
 7.26229199e-01 7.06846319e-01 8.01704483e-01 8.86366817e-01
 9.85300929e-01 1.08730383e+00 1.17297730e+00 1.22397631e+00
 1.31986037e+00 1.40859274e+00 1.58709640e+00 1.69010729e+00
 1.78700541e+00 1.87779207e+00 2.07361986e+00 2.12156845e+00
 2.35309445e+00 2.46631226e+00 2.70805972e+00 2.86410456e+00
 3.01813511e+00 3.10991981e+00 3.27006404e+00 3.54035941e+00
 3.86878512e+00 3.91469300e+00 4.16356874e+00 4.39306482e+00
 4.45222380e+00 4.81430682e+00 4.95915513e+00 5.19069117e+00
 5.40794745e+00 5.70884230e+00 5.81592743e+00 6.18517415e+00
 6.27391263e+00 6.52686830e+00 6.57276751e+00 6.77266891e+00
 7.12661803e+00 7.33775442e+00 7.49687170e+00 7.72941906e+00
 7.74982737e+00 8.11293206e+00 8.44647544e+00 8.30061794e+00
 8.49950501e+00 8.71065092e+00 8.85752345e+00 9.04724009e+00
 9.00950076e+00 9.01460067e+00 9.35221732e+00 9.36139716e+00
 9.26347627e+00 9.51847177e+00 9.21553841e+00 9.36853573e+00
 9.38791539e+00 9.39505526e+00 9.27061615e+00 9.26755620e+00
 9.13801849e+00 9.12986375e+00 9.03296035e+00 8.93504208e+00
 8.69636630e+00 8.51583426e+00 8.40566672e+00 8.29041812e+00
 8.06091301e+00 8.10784124e+00 7.77430695e+00 7.69677965e+00
 7.47341210e+00 7.18780893e+00 7.04706729e+00 6.76348909e+00
 6.63804639e+00 6.40753034e+00 6.24229317e+00 5.94751821e+00
 5.81490745e+00 5.55788488e+00 5.31308907e+00 5.06217336e+00
 4.69496913e+00 4.61440103e+00 4.31962607e+00 4.25230722e+00
 4.07585024e+00 3.71782804e+00 3.59543847e+00 3.38430208e+00
 3.13440636e+00 3.04056115e+00 2.96203595e+00 2.65194867e+00
 2.49182294e+00 2.33473481e+00 2.23375676e+00 2.08484899e+00
 2.03282065e+00 1.86351228e+00 1.75334606e+00 1.56770966e+00
 1.48509791e+00 1.36371360e+00 1.32802025e+00 1.19643684e+00
 1.10565860e+00 1.00366507e+00 8.94522686e-01 8.65963239e-01
 7.91508228e-01 7.28265904e-01 6.68090063e-01 5.94648490e-01
 5.27329793e-01 4.99792567e-01 4.90610504e-01 4.09013917e-01
 4.13092004e-01 3.48833248e-01 3.00895525e-01 3.31493584e-01
 2.64176071e-01 2.72334729e-01 2.19295755e-01 2.14196814e-01
 1.88696348e-01 1.70337467e-01 1.48917118e-01 1.30557473e-01
 1.26477552e-01 1.17298781e-01 9.89380850e-02 9.17982232e-02
 7.34385786e-02 7.75184996e-02 5.81393959e-02 4.89590524e-02
 5.09990129e-02 5.20189931e-02 3.46793288e-02 3.05996821e-02
 2.34595459e-02 3.16193880e-02 2.34595459e-02 1.83596446e-02
 1.01998940e-02 1.63196841e-02 1.52997039e-02 1.63196841e-02
 1.01998026e-02 6.11993641e-03 1.63196841e-02 9.17982232e-03
 6.11988155e-03 1.01998026e-03 4.07995761e-03 1.01998026e-03
 6.11988155e-03 2.03996052e-03 3.05994077e-03 6.11993641e-03
 3.05994077e-03 1.01998026e-03 1.01998026e-03 1.01998026e-03
 1.01998940e-03 1.01998026e-03 2.03996052e-03 1.01998026e-03
 0.00000000e+00 0.00000000e+00 0.00000000e+00 1.01998026e-03]
[-0.20591855 -0.18017873 -0.15443891 -0.1286991  -0.10295928 -0.07721946
 -0.05147964 -0.02573982  0.          0.02573982  0.05147964  0.07721946
  0.10295928  0.1286991   0.15443891  0.18017873]
