[-0.01299481 -0.0955424   0.02239405 ... -0.02546156 -0.00347865
 -0.00762518]
[-0.0252915  -0.10116601  0.0252915  ... -0.0252915  -0.
 -0.        ]
[1.07930124e-03 0.00000000e+00 0.00000000e+00 0.00000000e+00
 3.23787300e-03 0.00000000e+00 0.00000000e+00 0.00000000e+00
 1.07930124e-03 2.15858200e-03 1.07930124e-03 2.15860247e-03
 0.00000000e+00 4.31720495e-03 1.07929100e-03 5.39650618e-03
 4.31720495e-03 6.47574599e-03 6.47580742e-03 2.15860247e-03
 8.63432799e-03 7.55510866e-03 6.47580742e-03 9.71361899e-03
 7.55510866e-03 1.29514920e-02 1.29516148e-02 2.05067235e-02
 2.69822750e-02 2.05067235e-02 2.91411334e-02 2.37444020e-02
 2.91411334e-02 3.34583383e-02 3.56166030e-02 4.10134470e-02
 3.02201480e-02 5.18064594e-02 6.47580742e-02 6.69160419e-02
 8.20268940e-02 8.52647977e-02 1.01453354e-01 1.16564534e-01
 1.23039757e-01 1.27356942e-01 1.38149903e-01 1.46784968e-01
 1.70528787e-01 1.92114709e-01 1.92115620e-01 2.35286554e-01
 2.64427549e-01 3.14075170e-01 3.18393865e-01 3.44295462e-01
 3.57247015e-01 4.12291117e-01 4.23086085e-01 4.91079734e-01
 5.78502719e-01 6.06564418e-01 6.90752792e-01 7.00463180e-01
 7.81410389e-01 8.81789110e-01 8.87181409e-01 1.05771020e+00
 1.03072779e+00 1.16132813e+00 1.26709364e+00 1.30486901e+00
 1.37394396e+00 1.59520723e+00 1.66319532e+00 1.90711624e+00
 1.92870216e+00 2.02692772e+00 2.16830590e+00 2.30861440e+00
 2.34748019e+00 2.57843843e+00 2.76407736e+00 2.83962809e+00
 3.14075915e+00 3.22278585e+00 3.53253619e+00 3.70631166e+00
 3.89625898e+00 3.97073983e+00 4.31502588e+00 4.42080738e+00
 4.67874867e+00 4.89893670e+00 5.28855098e+00 5.32957687e+00
 5.53248502e+00 5.90374976e+00 5.99118696e+00 6.23941086e+00
 6.41643064e+00 6.74560074e+00 6.84922941e+00 7.01866265e+00
 7.33383451e+00 7.44607274e+00 7.76878267e+00 7.85080927e+00
 8.11847502e+00 8.21777038e+00 8.33217591e+00 8.56314555e+00
 8.71964367e+00 8.81785974e+00 8.94413753e+00 9.28843340e+00
 9.21180875e+00 9.42010768e+00 9.50429288e+00 9.49026202e+00
 9.62409489e+00 9.51832516e+00 9.57660652e+00 9.58739949e+00
 9.65647453e+00 9.66295032e+00 9.57444863e+00 9.55178197e+00
 9.42766277e+00 9.50645148e+00 9.44061434e+00 9.27332324e+00
 9.27980452e+00 8.87937442e+00 8.76605346e+00 8.72611946e+00
 8.57502799e+00 8.44010565e+00 8.25122860e+00 8.06235156e+00
 7.93823236e+00 7.57019195e+00 7.36188755e+00 7.24855273e+00
 6.99169683e+00 6.90751153e+00 6.70027030e+00 6.43693731e+00
 6.29553425e+00 6.05270698e+00 5.79042367e+00 5.61343242e+00
 5.41806651e+00 5.17091996e+00 4.96476214e+00 4.75862787e+00
 4.41647971e+00 4.23300941e+00 4.15421076e+00 3.84769978e+00
 3.80884503e+00 3.42136869e+00 3.41058382e+00 3.06952544e+00
 2.97561940e+00 2.77594961e+00 2.52987010e+00 2.52988210e+00
 2.29998003e+00 2.09167588e+00 2.05282122e+00 1.94058362e+00
 1.83372410e+00 1.62110277e+00 1.55742430e+00 1.43762925e+00
 1.32753422e+00 1.25522138e+00 1.23687922e+00 1.07497893e+00
 1.03180709e+00 8.45088860e-01 8.55885881e-01 8.19185753e-01
 6.58370632e-01 6.58370632e-01 5.65553848e-01 5.88216384e-01
 4.86762549e-01 4.39273520e-01 4.25244687e-01 4.44670000e-01
 3.22709539e-01 2.95728539e-01 3.07599394e-01 2.43920923e-01
 2.43920923e-01 2.08305139e-01 2.01828374e-01 1.67290898e-01
 1.52180753e-01 1.26278245e-01 1.38149903e-01 9.60573545e-02
 9.92957138e-02 1.20880592e-01 7.44717853e-02 6.04408693e-02
 6.58367509e-02 6.69166767e-02 4.85685557e-02 5.39645499e-02
 4.10134470e-02 3.12994390e-02 4.10134470e-02 3.88548445e-02
 3.34580210e-02 2.80618322e-02 2.15860247e-02 2.37444020e-02
 1.51102173e-02 1.40307830e-02 1.61895186e-02 8.63440989e-03
 8.63432799e-03 4.31720495e-03 5.39650618e-03 7.55503699e-03
 7.55510866e-03 7.55510866e-03 5.39645499e-03 7.55510866e-03
 3.23787300e-03 1.07930124e-03 2.15860247e-03 3.23787300e-03
 3.23790371e-03 0.00000000e+00 0.00000000e+00 2.15860247e-03
 1.07930124e-03 2.15858200e-03 0.00000000e+00 0.00000000e+00
 0.00000000e+00 0.00000000e+00 1.07929100e-03 0.00000000e+00
 0.00000000e+00 0.00000000e+00 0.00000000e+00 0.00000000e+00
 0.00000000e+00 1.07930124e-03 0.00000000e+00 1.07930124e-03]
[-0.20233202 -0.17704052 -0.15174901 -0.12645751 -0.10116601 -0.07587451
 -0.050583   -0.0252915  -0.          0.0252915   0.050583    0.07587451
  0.10116601  0.12645751  0.15174901  0.17704052]
