[0.0122344  0.07166997 0.01021983 ... 0.01914225 0.00936471 0.02405352]
[0.01933813 0.07735252 0.01933813 ... 0.01933813 0.         0.01933813]
[1.28607510e-03 0.00000000e+00 0.00000000e+00 0.00000000e+00
 1.28607510e-03 0.00000000e+00 0.00000000e+00 0.00000000e+00
 0.00000000e+00 1.28607510e-03 2.57217927e-03 0.00000000e+00
 1.28607510e-03 2.57215019e-03 0.00000000e+00 2.57215019e-03
 1.28607510e-03 0.00000000e+00 3.85822529e-03 1.28607510e-03
 2.57215019e-03 1.28607510e-03 3.85822529e-03 1.28607510e-03
 3.85826890e-03 1.28607510e-03 3.85822529e-03 2.57215019e-03
 7.71645058e-03 7.71645058e-03 1.02886008e-02 6.43044817e-03
 1.15746759e-02 1.15746759e-02 1.28607510e-02 9.00252568e-03
 1.28607510e-02 1.92912355e-02 1.80050514e-02 2.18632767e-02
 2.95798944e-02 3.47240276e-02 3.85822529e-02 3.85822529e-02
 5.01572123e-02 3.98683280e-02 4.75847786e-02 6.55902007e-02
 5.78733794e-02 7.71645058e-02 8.23088062e-02 8.61675185e-02
 1.02886008e-01 1.15746759e-01 1.32465735e-01 1.60760296e-01
 1.80050514e-01 1.73620138e-01 2.17347920e-01 1.92911265e-01
 2.22490992e-01 2.59787170e-01 2.59788638e-01 3.08658023e-01
 3.67817478e-01 4.03829863e-01 4.43695909e-01 4.59128810e-01
 4.82278161e-01 5.72306653e-01 5.53012292e-01 7.09913454e-01
 7.33066948e-01 8.29518438e-01 8.84819667e-01 9.86419600e-01
 1.12146382e+00 1.16904226e+00 1.34523455e+00 1.34909278e+00
 1.48671121e+00 1.55100657e+00 1.74648998e+00 1.88410534e+00
 2.05515381e+00 2.11430746e+00 2.32265819e+00 2.59273472e+00
 2.65445900e+00 2.91682656e+00 3.07757771e+00 3.27307037e+00
 3.42739013e+00 3.64474713e+00 3.88523287e+00 4.23891550e+00
 4.61830872e+00 4.73661458e+00 5.06071981e+00 5.22532312e+00
 5.60987543e+00 5.76161644e+00 6.25934519e+00 6.33391985e+00
 6.73519432e+00 7.00141261e+00 7.32419768e+00 7.64702414e+00
 8.09585418e+00 8.24889733e+00 8.84820917e+00 9.09384986e+00
 9.13500432e+00 9.56326794e+00 9.73045793e+00 1.03734964e+01
 1.06165799e+01 1.09946715e+01 1.09059322e+01 1.12608895e+01
 1.15091023e+01 1.19360798e+01 1.18434907e+01 1.20865508e+01
 1.21482825e+01 1.23077604e+01 1.25945557e+01 1.28620552e+01
 1.28131866e+01 1.30073842e+01 1.30086703e+01 1.29893791e+01
 1.26961535e+01 1.26472826e+01 1.26562874e+01 1.23669156e+01
 1.21817205e+01 1.20222470e+01 1.20171112e+01 1.18820646e+01
 1.14422263e+01 1.11271453e+01 1.09792386e+01 1.08094765e+01
 1.03902154e+01 1.02667520e+01 1.01702962e+01 9.88350109e+00
 9.39480513e+00 9.18130309e+00 9.01282702e+00 8.39808225e+00
 8.06627441e+00 7.66759056e+00 7.56084618e+00 7.36794505e+00
 6.83034484e+00 6.63230802e+00 6.26961610e+00 6.08572456e+00
 5.77577958e+00 5.47610776e+00 5.13274022e+00 4.75976393e+00
 4.51799458e+00 4.24276175e+00 3.98684407e+00 3.73476208e+00
 3.64088889e+00 3.40167824e+00 3.19461054e+00 2.95026461e+00
 2.77277791e+00 2.52457255e+00 2.39338576e+00 2.24034915e+00
 2.09116402e+00 1.88152787e+00 1.85452029e+00 1.62046378e+00
 1.48670281e+00 1.39667756e+00 1.36323960e+00 1.18834011e+00
 1.13046001e+00 1.07901701e+00 9.65847857e-01 8.44951339e-01
 7.63928608e-01 7.75503284e-01 6.52043759e-01 5.62014817e-01
 5.02855363e-01 4.77136558e-01 4.38551608e-01 3.72961778e-01
 4.23118707e-01 3.52386568e-01 2.94511197e-01 2.75220071e-01
 2.25064414e-01 2.08344166e-01 1.86480889e-01 1.82622664e-01
 1.78765449e-01 1.38896111e-01 1.28607510e-01 1.17032834e-01
 1.02886589e-01 8.10227311e-02 9.38834821e-02 7.33066948e-02
 5.65873043e-02 6.17316047e-02 5.14430039e-02 5.14432946e-02
 3.21518774e-02 2.82936521e-02 3.72963886e-02 1.80050514e-02
 3.47240276e-02 2.44354268e-02 1.54329884e-02 1.92911265e-02
 1.92911265e-02 1.54329884e-02 1.02886008e-02 2.31493518e-02
 6.43037549e-03 7.71645058e-03 3.85822529e-03 5.14435854e-03
 5.14430039e-03 6.43037549e-03 5.14430039e-03 7.71645058e-03
 2.57215019e-03 6.43037549e-03 1.28608963e-03 1.28607510e-03
 1.28607510e-03 0.00000000e+00 1.28607510e-03 0.00000000e+00
 0.00000000e+00 0.00000000e+00 1.28607510e-03 0.00000000e+00
 0.00000000e+00 1.28607510e-03 0.00000000e+00 0.00000000e+00
 0.00000000e+00 0.00000000e+00 0.00000000e+00 1.28607510e-03]
[-0.15470503 -0.1353669  -0.11602877 -0.09669065 -0.07735252 -0.05801439
 -0.03867626 -0.01933813 -0.          0.01933813  0.03867626  0.05801439
  0.07735252  0.09669065  0.11602877  0.1353669 ]
