[-0.03615082  0.01219249 -0.0400869  ... -0.03906215  0.02311961
 -0.04807891]
[-0.04801292  0.02400646 -0.04801292 ... -0.04801292  0.02400646
 -0.04801292]
[8.58052623e-04 0.00000000e+00 0.00000000e+00 0.00000000e+00
 0.00000000e+00 0.00000000e+00 0.00000000e+00 0.00000000e+00
 8.58059094e-04 0.00000000e+00 0.00000000e+00 0.00000000e+00
 0.00000000e+00 0.00000000e+00 0.00000000e+00 0.00000000e+00
 8.58059094e-04 0.00000000e+00 0.00000000e+00 1.71611819e-03
 0.00000000e+00 0.00000000e+00 0.00000000e+00 0.00000000e+00
 0.00000000e+00 1.71611819e-03 0.00000000e+00 0.00000000e+00
 8.58059094e-04 8.58059094e-04 0.00000000e+00 8.58059094e-04
 8.58059094e-04 0.00000000e+00 2.57417728e-03 2.57417728e-03
 3.43221049e-03 3.43223638e-03 0.00000000e+00 5.14835456e-03
 3.43223638e-03 4.29029547e-03 6.00641366e-03 5.14831574e-03
 5.14835456e-03 7.72253184e-03 5.14835456e-03 6.86447275e-03
 1.20128273e-02 1.88773001e-02 1.28708864e-02 1.45870046e-02
 1.54449472e-02 2.57417728e-02 2.14514773e-02 2.57417728e-02
 2.23095364e-02 3.68965410e-02 2.83159501e-02 3.51801575e-02
 4.80513093e-02 4.20448956e-02 5.92060775e-02 6.60705502e-02
 8.23736730e-02 8.92381458e-02 1.04682815e-01 1.21844391e-01
 1.53592578e-01 1.64746725e-01 1.84482705e-01 1.99069710e-01
 2.10224478e-01 2.47979078e-01 2.80584266e-01 3.01178742e-01
 3.99855538e-01 4.18731259e-01 4.77080856e-01 5.11403220e-01
 6.16944488e-01 6.53841029e-01 7.72250272e-01 8.30601203e-01
 9.73039012e-01 1.05798287e+00 1.09574146e+00 1.24761792e+00
 1.39262991e+00 1.48701641e+00 1.65261558e+00 1.84225287e+00
 2.03874841e+00 2.18975855e+00 2.42916529e+00 2.55959028e+00
 2.78955011e+00 3.06326519e+00 3.28721819e+00 3.45454591e+00
 3.76001495e+00 4.15643041e+00 4.34177083e+00 4.57173885e+00
 4.88750460e+00 5.18524133e+00 5.48727756e+00 5.84424049e+00
 6.13426446e+00 6.25867123e+00 6.61304897e+00 6.97859461e+00
 7.34755309e+00 7.47282960e+00 7.95591642e+00 7.98165817e+00
 8.38580362e+00 8.74447198e+00 9.00703782e+00 9.30993239e+00
 9.36828035e+00 9.52015667e+00 9.77757416e+00 9.82219319e+00
 9.79988367e+00 9.96892115e+00 1.01079266e+01 1.01722810e+01
 1.02057452e+01 1.00941977e+01 9.99895319e+00 1.01293781e+01
 9.97492756e+00 9.95862445e+00 9.69691668e+00 9.41375744e+00
 9.24986831e+00 9.05165685e+00 8.82512946e+00 8.68526596e+00
 8.35405546e+00 8.10092827e+00 7.82634962e+00 7.64958961e+00
 7.25145740e+00 7.01547792e+00 6.80182161e+00 6.24323797e+00
 5.97466547e+00 5.72495948e+00 5.29164045e+00 5.22643794e+00
 4.79311810e+00 4.57087217e+00 4.28771321e+00 3.98654255e+00
 3.76945360e+00 3.43909436e+00 3.14649676e+00 2.99291012e+00
 2.82473054e+00 2.59734488e+00 2.33906027e+00 2.12026402e+00
 1.96667144e+00 1.78733035e+00 1.66034435e+00 1.47071329e+00
 1.34200442e+00 1.21243750e+00 1.11375650e+00 9.93632431e-01
 9.09542639e-01 8.11720842e-01 7.19053521e-01 6.77008625e-01
 5.66319002e-01 5.44867525e-01 4.88233783e-01 3.59526760e-01
 3.90416888e-01 3.10616221e-01 2.52269374e-01 2.58275787e-01
 2.30817896e-01 1.89631060e-01 1.59598390e-01 1.40721691e-01
 1.26992746e-01 1.33856714e-01 7.97994957e-02 9.26703821e-02
 7.46511412e-02 6.00641366e-02 6.69286093e-02 6.17802548e-02
 5.31992626e-02 4.11868365e-02 2.91740092e-02 2.40256546e-02
 2.65998319e-02 1.71611819e-02 1.63031228e-02 2.48835261e-02
 1.20128273e-02 1.28708864e-02 4.29029547e-03 9.43865003e-03
 1.02967091e-02 3.43223638e-03 8.58059094e-03 4.29029547e-03
 3.43221049e-03 6.00641366e-03 2.57417728e-03 6.00641366e-03
 8.58059094e-04 3.43223638e-03 1.71611819e-03 1.71610525e-03
 2.57417728e-03 1.71611819e-03 2.57417728e-03 8.58059094e-04
 8.58059094e-04 0.00000000e+00 8.58059094e-04 0.00000000e+00
 8.58052623e-04 0.00000000e+00 8.58059094e-04 0.00000000e+00
 0.00000000e+00 1.71611819e-03 0.00000000e+00 0.00000000e+00
 0.00000000e+00 0.00000000e+00 0.00000000e+00 0.00000000e+00
 0.00000000e+00 0.00000000e+00 0.00000000e+00 8.58059094e-04
 0.00000000e+00 0.00000000e+00 0.00000000e+00 8.58059094e-04
 8.58059094e-04 0.00000000e+00 0.00000000e+00 0.00000000e+00
 0.00000000e+00 8.58059094e-04 0.00000000e+00 8.58052623e-04]
[-0.1920517  -0.16804524 -0.14403877 -0.12003231 -0.09602585 -0.07201938
 -0.04801292 -0.02400646 -0.          0.02400646  0.04801292  0.07201938
  0.09602585  0.12003231  0.14403877  0.16804524]
