[-0.00691033 -0.01603172  0.00598452 ...  0.01449752 -0.00995016
  0.00538126]
[-0.         -0.01725486  0.         ...  0.01725486 -0.01725486
  0.        ]
[2.38778128e-03 0.00000000e+00 0.00000000e+00 0.00000000e+00
 0.00000000e+00 0.00000000e+00 0.00000000e+00 0.00000000e+00
 0.00000000e+00 0.00000000e+00 0.00000000e+00 1.19389064e-03
 3.58167191e-03 1.19390317e-03 0.00000000e+00 0.00000000e+00
 0.00000000e+00 2.38778128e-03 2.38778128e-03 1.19389064e-03
 3.58170950e-03 2.38778128e-03 3.58167191e-03 1.19389064e-03
 2.38780633e-03 3.58167191e-03 5.96945319e-03 5.96948451e-03
 3.58167191e-03 1.31328659e-02 1.07450157e-02 1.07450721e-02
 1.07450721e-02 1.55205783e-02 1.67145566e-02 1.43266877e-02
 2.86535256e-02 2.50717034e-02 2.86535256e-02 2.50717034e-02
 3.58169070e-02 4.65617349e-02 4.29802885e-02 7.04395476e-02
 5.37253606e-02 7.04395476e-02 6.80521234e-02 9.43178552e-02
 9.07356885e-02 1.02675134e-01 1.36103533e-01 1.33716453e-01
 1.67144689e-01 1.50431010e-01 2.04155299e-01 2.42361071e-01
 2.59074268e-01 2.92504741e-01 3.15187128e-01 3.39066720e-01
 4.04728926e-01 4.64425895e-01 5.22924099e-01 5.49192575e-01
 6.12469111e-01 7.72447243e-01 8.22594965e-01 9.27653026e-01
 1.01481237e+00 1.09002215e+00 1.26791851e+00 1.33596362e+00
 1.38611430e+00 1.66190013e+00 1.78009561e+00 1.93172012e+00
 2.15497825e+00 2.31376613e+00 2.60388231e+00 2.76386408e+00
 2.92862142e+00 3.32021857e+00 3.59600803e+00 3.82165396e+00
 4.06520829e+00 4.36487562e+00 4.75647278e+00 5.00600971e+00
 5.32357232e+00 5.86798788e+00 6.01603071e+00 6.64879440e+00
 7.01054422e+00 7.48929562e+00 7.62301172e+00 8.28084719e+00
 8.54947328e+00 9.22163548e+00 9.47712874e+00 1.00394527e+01
 1.04107673e+01 1.08978623e+01 1.11569373e+01 1.16225558e+01
 1.19281927e+01 1.23699333e+01 1.25323111e+01 1.31399948e+01
 1.33131094e+01 1.35316009e+01 1.35888989e+01 1.40628747e+01
 1.42156954e+01 1.43625444e+01 1.42765840e+01 1.45702820e+01
 1.44437292e+01 1.41834603e+01 1.42813620e+01 1.39721388e+01
 1.37787280e+01 1.35244286e+01 1.33226693e+01 1.30803001e+01
 1.28080924e+01 1.24499324e+01 1.21574203e+01 1.14052672e+01
 1.11879785e+01 1.09157707e+01 1.03498651e+01 9.94991068e+00
 9.62279641e+00 9.28491185e+00 8.75601691e+00 8.26174489e+00
 7.79135074e+00 7.28156765e+00 7.07382059e+00 6.51746609e+00
 6.24048273e+00 5.70561833e+00 5.43818612e+00 5.12180427e+00
 4.75527888e+00 4.38636571e+00 4.09028005e+00 3.90045095e+00
 3.39543388e+00 3.24739105e+00 3.08621539e+00 2.79133096e+00
 2.51195249e+00 2.32451117e+00 2.03678277e+00 2.05349728e+00
 1.71084977e+00 1.63682836e+00 1.44819314e+00 1.30731368e+00
 1.18434573e+00 1.11151218e+00 1.01003678e+00 9.24071354e-01
 8.30952244e-01 7.42599977e-01 6.66194471e-01 5.82618631e-01
 5.06212286e-01 4.87107380e-01 3.97567668e-01 3.80851113e-01
 3.02055916e-01 2.75788737e-01 2.44748865e-01 2.16095339e-01
 2.01767518e-01 1.96992989e-01 1.57593564e-01 1.44461525e-01
 1.43266877e-01 1.19389690e-01 1.09837939e-01 9.31239583e-02
 7.99906727e-02 6.20826389e-02 5.73067506e-02 5.13375668e-02
 4.53678442e-02 4.77558761e-02 3.22350472e-02 2.26840411e-02
 2.86535256e-02 2.98472659e-02 2.50718349e-02 1.67144689e-02
 2.02962473e-02 1.31327970e-02 1.67145566e-02 9.55112510e-03
 5.96948451e-03 8.35723446e-03 7.16338141e-03 5.96945319e-03
 9.55112510e-03 7.16341899e-03 3.58167191e-03 3.58167191e-03
 1.19390317e-03 2.38778128e-03 1.19389064e-03 4.77556255e-03
 2.38780633e-03 1.19389064e-03 1.19389064e-03 2.38778128e-03
 1.19390317e-03 1.19389064e-03 1.19389064e-03 1.19389064e-03
 0.00000000e+00 1.19389064e-03 1.19389064e-03 1.19390317e-03
 0.00000000e+00 0.00000000e+00 0.00000000e+00 0.00000000e+00
 0.00000000e+00 0.00000000e+00 0.00000000e+00 0.00000000e+00
 0.00000000e+00 0.00000000e+00 0.00000000e+00 1.19390317e-03
 0.00000000e+00 0.00000000e+00 0.00000000e+00 0.00000000e+00
 0.00000000e+00 0.00000000e+00 0.00000000e+00 0.00000000e+00
 0.00000000e+00 0.00000000e+00 0.00000000e+00 0.00000000e+00
 0.00000000e+00 0.00000000e+00 0.00000000e+00 0.00000000e+00
 1.19389064e-03 0.00000000e+00 0.00000000e+00 1.19389064e-03]
[-0.1380389  -0.12078404 -0.10352918 -0.08627431 -0.06901945 -0.05176459
 -0.03450973 -0.01725486  0.          0.01725486  0.03450973  0.05176459
  0.06901945  0.08627431  0.10352918  0.12078404]
