[ 0.02024213  0.00456411  0.02659496 ... -0.00354844 -0.02511309
 -0.01327557]
[ 0.02351379  0.          0.02351379 ... -0.         -0.02351379
 -0.02351379]
[4.03427240e-04 0.00000000e+00 0.00000000e+00 0.00000000e+00
 0.00000000e+00 0.00000000e+00 0.00000000e+00 0.00000000e+00
 0.00000000e+00 0.00000000e+00 0.00000000e+00 0.00000000e+00
 0.00000000e+00 0.00000000e+00 0.00000000e+00 0.00000000e+00
 0.00000000e+00 0.00000000e+00 0.00000000e+00 0.00000000e+00
 0.00000000e+00 0.00000000e+00 0.00000000e+00 0.00000000e+00
 0.00000000e+00 0.00000000e+00 0.00000000e+00 0.00000000e+00
 0.00000000e+00 8.06848759e-04 0.00000000e+00 0.00000000e+00
 0.00000000e+00 0.00000000e+00 4.03424380e-04 0.00000000e+00
 0.00000000e+00 0.00000000e+00 0.00000000e+00 0.00000000e+00
 0.00000000e+00 0.00000000e+00 0.00000000e+00 0.00000000e+00
 0.00000000e+00 0.00000000e+00 0.00000000e+00 4.03424380e-04
 4.03424380e-04 0.00000000e+00 0.00000000e+00 4.03424380e-04
 8.06848759e-04 0.00000000e+00 0.00000000e+00 0.00000000e+00
 4.03424380e-04 8.06848759e-04 4.03424380e-04 0.00000000e+00
 0.00000000e+00 0.00000000e+00 2.01712190e-03 1.21027314e-03
 8.06848759e-04 1.21027314e-03 1.21028172e-03 1.61369752e-03
 4.03424380e-04 1.21027314e-03 1.21027314e-03 1.61369752e-03
 4.03427240e-04 2.82397066e-03 8.06848759e-04 2.42054628e-03
 2.42054628e-03 2.42055486e-03 2.42054628e-03 4.43768391e-03
 3.63081942e-03 2.82397066e-03 3.63083229e-03 5.64794131e-03
 6.45479007e-03 5.24453553e-03 3.22739504e-03 6.45479007e-03
 5.64796134e-03 5.64794131e-03 9.68218511e-03 8.06851620e-03
 9.68218511e-03 1.77506727e-02 1.37164775e-02 2.13814921e-02
 1.65403996e-02 2.82398067e-02 3.18705260e-02 3.83253161e-02
 4.67973940e-02 5.20417450e-02 6.37410520e-02 8.35091427e-02
 1.00452671e-01 1.21027528e-01 1.29499455e-01 1.91626580e-01
 2.48106433e-01 2.95710594e-01 3.46944966e-01 4.40540204e-01
 5.61164307e-01 6.67263924e-01 8.26214594e-01 1.03397852e+00
 1.25707037e+00 1.59151200e+00 1.87915409e+00 2.27571693e+00
 2.71585774e+00 3.20763293e+00 3.79784048e+00 4.41709745e+00
 4.95083276e+00 5.66246961e+00 6.32126781e+00 7.02806235e+00
 7.79981733e+00 8.37469783e+00 8.97055246e+00 9.60635410e+00
 1.00045345e+01 1.01969659e+01 1.04438631e+01 1.03837528e+01
 1.03175911e+01 1.01328225e+01 9.75319861e+00 9.19324699e+00
 8.81120359e+00 8.08947283e+00 7.51419582e+00 6.80133764e+00
 6.08687243e+00 5.45753468e+00 4.74427491e+00 4.16092643e+00
 3.55094454e+00 3.03738485e+00 2.48106433e+00 2.12887045e+00
 1.69882307e+00 1.44264814e+00 1.19736568e+00 9.51678111e-01
 7.76996733e-01 6.25308897e-01 4.69182553e-01 4.06652496e-01
 2.97727720e-01 2.53753935e-01 2.13815300e-01 1.60563188e-01
 1.36357440e-01 1.04083674e-01 8.87533635e-02 7.78611813e-02
 5.84965350e-02 4.76040768e-02 4.47802649e-02 2.94499797e-02
 3.26773747e-02 2.58192518e-02 2.01712190e-02 1.85575215e-02
 1.45233292e-02 1.53301264e-02 1.25062001e-02 8.87533635e-03
 8.47191197e-03 8.47194201e-03 5.24451693e-03 6.45479007e-03
 3.63083229e-03 4.84109256e-03 3.63081942e-03 3.22740648e-03
 5.64794131e-03 2.42054628e-03 1.61370324e-03 3.22739504e-03
 2.01712190e-03 1.61370324e-03 4.03425810e-04 2.82397066e-03
 1.21027314e-03 1.21027314e-03 1.21027314e-03 8.06848759e-04
 4.03427240e-04 2.01712190e-03 8.06848759e-04 8.06848759e-04
 0.00000000e+00 1.21027314e-03 8.06854481e-04 1.61369752e-03
 8.06848759e-04 0.00000000e+00 4.03424380e-04 4.03424380e-04
 4.03427240e-04 1.61369752e-03 0.00000000e+00 0.00000000e+00
 4.03424380e-04 8.06848759e-04 0.00000000e+00 0.00000000e+00
 4.03424380e-04 4.03424380e-04 4.03424380e-04 0.00000000e+00
 8.06854481e-04 4.03424380e-04 0.00000000e+00 4.03424380e-04
 0.00000000e+00 8.06854481e-04 0.00000000e+00 0.00000000e+00
 0.00000000e+00 0.00000000e+00 0.00000000e+00 0.00000000e+00
 0.00000000e+00 0.00000000e+00 0.00000000e+00 0.00000000e+00
 0.00000000e+00 0.00000000e+00 0.00000000e+00 0.00000000e+00
 0.00000000e+00 0.00000000e+00 0.00000000e+00 0.00000000e+00
 0.00000000e+00 0.00000000e+00 4.03424380e-04 0.00000000e+00
 0.00000000e+00 0.00000000e+00 0.00000000e+00 4.03427240e-04]
[-0.1881103  -0.16459651 -0.14108273 -0.11756894 -0.09405515 -0.07054137
 -0.04702758 -0.02351379  0.          0.02351379  0.04702758  0.07054137
  0.09405515  0.11756894  0.14108273  0.16459651]
